,ERR10082910,ERR10083185,ERR10082717,ERR10083228,ERR10083008,ERR10082679,ERR10083238,ERR10083036,ERR10083253,ERR10082874,ERR10083247,ERR10083101,ERR10083080,ERR10083202,ERR10083000,ERR10083215,ERR10083027,ERR10083186,ERR10082834,ERR10083108,ERR10083006,ERR10082766,ERR10083774,ERR10082806,ERR10082884,ERR10082990,ERR10082872,ERR10083218,ERR10083258,ERR10083252,ERR10083540,ERR10083542,ERR10083541,ERR10083471,ERR10083524,ERR10083523,ERR10083484,ERR10083459,ERR10083457,ERR10083439,ERR10083544,ERR10083494,ERR10083490,ERR10083473,ERR10083498,ERR10083519,ERR10083478,ERR10083419,ERR10083495,ERR10083511,ERR10083493,ERR10083564,ERR10083559,ERR10083500,ERR10083552,ERR10083455,ERR10083510,ERR10083491,ERR10083366,ERR10083530
ERR10082910,0.0,494945.4802975778,467156.0476189942,393285.8378991036,500260.2820942314,424912.4219271543,505825.61633827916,477384.5528166993,409326.0369167835,564709.3252240483,359480.4581169886,660571.9622577089,627110.5569945383,576985.5807392417,631742.9278409058,407079.77550229634,524303.0709303542,414893.707190167,478956.3801328885,432707.1232877961,471040.8377423342,385138.15832893003,361519.3818151386,751020.0805577704,457260.1544110311,502362.491118714,559133.6270561805,519863.1243413981,472654.5250486871,499590.35061438085,607853.8923688817,470911.0248497056,519998.4319360973,393261.47112957813,366338.4399158789,370227.0848898011,383624.130768647,503670.3397600458,410333.7340592411,379284.78701102687,528924.2741924406,330290.0126782522,615977.891646283,408424.72240303963,371067.72901722405,396498.7411985062,609743.4002840867,548058.6121337754,437579.20204004215,426978.4385961427,404981.6181754426,582797.3061485442,394614.0105850272,661144.3375118629,462241.56520806305,555176.9587708049,541799.2359786049,477976.4731961187,470218.82082813315,419424.7995314536
ERR10083185,494945.4802975778,0.0,285856.12289401813,176999.90124573515,351758.6248523268,192900.58197683076,341446.0622719202,180568.57822722092,147106.48230788473,339695.9747568405,262679.53295413026,270567.2176410143,328985.82505785866,227558.6886321856,298634.7396034159,134001.7193695663,281125.57418705255,150022.61579175323,182393.01278557794,212520.78980419773,159277.0244322765,563945.8231975834,215327.7721126562,434322.98015417054,197169.72715150772,308915.0906090539,331325.4168547895,162089.14113227944,124727.80037345322,553252.1098577031,264339.89705112623,277426.4264809681,353080.73240124556,303436.61129138654,305613.0043813581,278506.90278878185,315218.53603650915,298086.5107967819,227651.42401487412,266089.98101957917,362024.145781742,321519.9080896858,264191.5411439208,268385.90645374806,288287.8082455101,275512.0453646265,267913.64884417516,321226.5063673918,263403.7640334701,204575.0400537661,276840.93353946053,265800.68781513715,242029.6979277543,288213.16133896454,276056.8484841483,226124.395802399,255857.535218332,278320.55145102023,316142.24119532015,201550.85917703254
ERR10082717,467156.0476189942,285856.12289401813,0.0,320233.9270424044,106091.96699090842,316132.66151569976,164041.08029088323,272541.12018372567,261564.07832307555,184714.34936679932,374598.75183855055,322946.1089222163,341041.3891230799,312256.56329691457,321232.2240031345,304809.6945046204,286083.70319191547,309743.1921398758,319937.6382593958,297624.8831583139,312901.10664233833,464584.714135108,317502.03511631227,322457.27107013727,289635.9019717687,248757.1183303103,123226.61809041096,300510.42276267224,296881.43425280065,405017.49845407915,326174.9350655258,298488.4931383453,319552.23096545576,291287.24612656835,313880.8897161469,300108.48077486915,295914.57322849106,300741.90601411037,262084.48691977173,307096.76443264587,324218.35201450274,314530.16018181783,335409.530115052,296440.0914603151,328748.093757211,304599.27016819984,333374.8397059982,297964.40949046245,274146.8799694791,266830.0206442296,325731.29262169456,313920.92495881824,255605.13912087135,352515.5705085947,283013.0570291767,304662.9526066469,302622.1598693658,270790.0948594686,288210.8868207445,269046.76621174987
ERR10083228,393285.8378991036,176999.90124573515,320233.9270424044,0.0,362067.8290168846,89585.04301500335,359099.58427433466,227400.10169302917,125459.99118444095,366621.4990272665,122981.32015066354,391493.175763001,394917.1369236843,315105.22412203834,396276.3764129777,115866.9430036022,346924.51083917374,75085.42380515675,214844.4597563549,226136.78939084636,138483.19800250136,502795.59820567246,112689.27590503011,537598.5726980681,187692.04422670664,282213.82490055304,386133.94501778786,271532.8559751103,187393.5021952469,512734.7023237261,325807.5391147357,303508.2503376144,319010.8330762452,266323.69933785463,199344.89725097053,211628.46412994637,266904.2704791364,336307.53697471606,241900.83847105617,224957.35086455834,375940.4616398719,222526.83914755093,336151.3508242976,222177.7004921961,192258.97774616405,218150.3936508023,321216.2060699927,338790.80509364477,208088.31929255422,214671.96061432894,208501.68913944077,325033.98348788085,213390.72370185168,372012.7464187215,298315.9359538139,282765.0753682286,286040.50696535973,301450.68687432114,288040.5664016789,203205.45566002897
ERR10083008,500260.2820942314,351758.6248523268,106091.96699090842,362067.8290168846,0.0,341698.706648123,141325.38272016105,328223.59205425804,316007.19752720825,178366.147561694,403398.96517591615,371646.8544007873,376561.7599743766,358479.6183160209,370530.25499950745,367876.31021852983,353697.89220746,353493.6692403416,365469.0254166555,355458.1944322004,344146.267973372,466408.26425782806,361999.35343450546,334623.8464604697,322447.13213951833,244439.56163027295,137841.033832455,369046.6481855647,365593.0453441367,377557.6879630449,347157.38976003375,362848.87319102976,329069.3680867303,338207.9489219613,337589.35705528397,345275.94429818017,339217.82670579094,357077.1462289347,327408.172384258,363696.8812252863,349285.2550781381,345263.2276712943,358884.87500589935,341070.0186897113,363832.294744433,351247.91475110565,349934.1936493203,322681.10187459073,300749.5063054967,313983.2545901135,361002.10321963497,342205.33313933027,309716.4956456146,372525.4858516394,342258.60866748117,335154.88522323524,324687.47614282876,328304.0609100046,314950.03441815975,314974.8282625137
ERR10082679,424912.4219271543,192900.58197683076,316132.66151569976,89585.04301500335,341698.706648123,0.0,331905.6797435079,227168.02624489213,145454.95029733432,356406.8795309653,115109.88861952738,384337.9982242193,396808.11244731373,308710.51402406103,396562.14355760184,171009.00017542936,365488.5025537739,103935.58508037562,196728.90935498016,237876.72955545693,97996.3335181475,495172.03708913125,155121.4419865932,532407.8021507574,155909.95551920345,272888.41176019184,379574.78325752885,276315.34210390854,228938.94306342903,488308.32890193467,298512.78811133036,337771.96993978054,322815.8713818142,298835.7471739283,216369.04151472318,245133.24324538276,295018.5302790318,371948.7704052804,270637.30267093633,282425.1901973335,377284.9051313874,250364.4685633327,308173.853954225,270276.9767701274,243945.01514890604,266980.7162362106,291655.2080865349,352544.3367549676,212751.5967178625,209756.79391619237,255273.58671825018,308486.75485018804,252921.80440997964,343820.2558023596,335016.61105981,257899.86401314754,264305.5140079374,334745.3963641621,303243.35067565786,196037.32493583972
ERR10083238,505825.61633827916,341446.0622719202,164041.08029088323,359099.58427433466,141325.38272016105,331905.6797435079,0.0,351426.42982564645,329921.19899454777,290477.0647348943,383663.9303609345,410121.8275403054,445769.1647254215,388095.7582981293,427038.4609739502,364440.3236896269,419414.00761896354,349286.16441536875,350528.93970969075,369942.2215995357,331288.3796498151,391156.9514977332,373641.1828265187,376116.09273334744,330956.0863740082,330319.4825998006,227941.71865852026,370150.8594235599,375686.6882030823,289250.2969765113,380510.8755843911,429703.9940901178,422614.6523441893,408455.9153507267,389646.305867257,396208.7937489525,409105.2368547731,421977.8324106611,374839.32434444496,407840.73378464783,434788.6023368138,401554.648720445,384352.89691245987,392257.5172791466,407296.8709970652,402596.8815353641,380779.52681308903,405870.9832101822,363582.8674786533,338942.03655787517,398248.5672215281,386264.496142216,364265.1233181678,398090.6881402779,410390.25581024704,357992.1517826892,364388.579221413,399511.77738710033,404077.2202054949,334655.48370226956
ERR10083036,477384.5528166993,180568.57822722092,272541.12018372567,227400.10169302917,328223.59205425804,227168.02624489213,351426.42982564645,0.0,154945.0787666391,306675.37225704966,293765.24587159726,221971.4691643951,223013.26869493662,124184.04146668766,205477.25028090092,196603.01371799977,188395.30281564879,185901.09193869733,116053.44949634199,86063.41459644743,182316.51969857258,576409.1659758717,201352.8638236864,435777.4725579559,121312.74108682896,274119.6395207757,309299.7209358586,112584.29301638839,170157.26594242163,565248.8928365981,184723.36321645943,211980.41233802712,276265.1244149359,249190.98264784782,257550.70375364926,233789.1770677163,244533.52403300453,262698.767210659,160550.30861072798,260731.6758585347,242510.9835203346,278125.99052048335,187082.59765408433,256726.64333099517,287405.60824034037,257650.39707324342,193675.52941453393,253307.28473141076,200667.2652776232,109151.55854132363,276270.6440612176,167163.94607689782,202620.68943718457,227617.04643545483,223908.21812966134,141071.19492653347,159993.33196417906,233436.07028263647,236976.73535391613,115091.10042049298
ERR10083253,409326.0369167835,147106.48230788473,261564.07832307555,125459.99118444095,316007.19752720825,145454.95029733432,329921.19899454777,154945.0787666391,0.0,313046.22018641274,200433.65450941617,308355.86006917397,329282.6591729361,239677.84812326732,311768.7659516264,116286.28339146453,254525.5223725118,120978.83890995152,179014.44029463097,154824.63989300927,152991.0494473451,511812.8420614317,110689.61250270957,469495.37064703845,159629.9425609118,266636.07436541666,322526.3964778697,190555.3427065219,131087.98238206276,510475.34368174925,278336.28392647626,214345.8503143926,266024.21177404135,195336.42614986075,180003.47143874754,157197.0666074911,198405.66512073186,266263.3857179766,150627.97021469817,204849.7551670492,310868.9653310539,199234.45199814212,287168.69281486794,201809.04332065993,214211.16368667624,193012.27169276052,282702.63671568397,281501.96216367657,154978.60178747258,158118.1218203657,226019.66883879818,269345.01963838126,160536.35808127702,322603.41072282544,226214.39680975213,234678.8441935063,245135.68458100915,226733.03715824036,225477.2031824947,161180.82680021218
ERR10082874,564709.3252240483,339695.9747568405,184714.34936679932,366621.4990272665,178366.147561694,356406.8795309653,290477.0647348943,306675.37225704966,313046.22018641274,0.0,438515.03544006334,297688.75162827363,273725.38460471656,310037.9393622658,286088.8017591741,369574.2937326675,282586.328774058,356268.04815896694,379120.86646741035,354742.9567574246,350064.2845849888,617151.5482926378,367488.48854760063,297239.5833364056,320983.34312079183,156876.5475907728,122230.42006800107,357905.3631995475,341351.1456872527,543058.1439477729,289117.54332623957,297119.3082854091,230404.87239856712,295633.0028937906,320344.86567916145,322655.54743875086,303596.5538852508,288652.2388290103,299563.27264870104,332433.15137482906,264975.8445462529,331077.08773939643,309653.38516799716,300925.1241770949,335658.6114268484,313051.4169701201,294689.109966758,219918.73006408528,253827.93989827044,305489.86305767985,335537.4532939654,277940.7741282304,274362.4085274803,315339.378218135,274897.8486001664,298869.2574571697,275060.4024646223,256652.33740996788,230690.40013836726,311961.9876443282
ERR10083247,359480.4581169886,262679.53295413026,374598.75183855055,122981.32015066354,403398.96517591615,115109.88861952738,383663.9303609345,293765.24587159726,200433.65450941617,438515.03544006334,0.0,476078.4004142595,481613.8911015753,390934.72418423,482056.69066096365,202278.1033255948,428441.24132370827,158133.84150143195,253763.86167064845,281994.2521187267,185532.37601292125,449856.1652139492,172472.033953334,623474.4841138248,226914.06048105526,346350.2823746503,457749.450430036,338713.98288231326,289185.1192004872,479185.5484663535,392510.37319031457,387839.52082659135,387133.6597610701,329769.4660744078,233842.57265947104,266654.19256407727,321457.5436165715,432903.4355742629,313738.7126336181,311243.3195524042,443483.5310268015,255287.56796796824,401006.4761933403,311758.3176308212,265220.8929515169,301086.1022564808,385427.4362782183,431381.74965336674,269843.475948558,267303.8973378428,288337.78323348466,397650.04943040054,297222.94417490717,440934.54337123554,391026.06250734744,345661.2145005569,350086.55874369125,394544.5629596231,360958.5125592691,251407.24375801109
ERR10083101,660571.9622577089,270567.2176410143,322946.1089222163,391493.175763001,371646.8544007873,384337.9982242193,410121.8275403054,221971.4691643951,308355.86006917397,297688.75162827363,476078.4004142595,0.0,189472.8397924093,152694.50702628435,114202.40682227323,348594.3050510149,206545.8498203244,354983.6065214843,288244.5178160376,282463.80336425407,329634.9615074226,721008.1640328354,384142.52709508745,309823.26548534085,290628.7487414141,342954.6001441007,289916.6542853308,201377.43179164839,274072.51087987644,670284.2173555931,202515.77709650178,285652.67894420313,342093.6779173213,363234.7178671114,414967.8593421423,378042.6143320353,373398.6735206755,293409.47268791444,287106.80128830107,383385.04002242966,298334.546070347,432590.2100371667,199356.67009658844,368626.3381081173,425878.70205376553,378478.29214236315,223234.06625557848,274894.8019424885,328750.66922669526,284320.27278933174,402915.6369353267,197065.91848668302,326591.65266583284,189865.2642770657,290793.1039846028,218854.06837662397,245810.51151649313,280670.01903659035,323269.1457903151,295304.4205002695
ERR10083080,627110.5569945383,328985.82505785866,341041.3891230799,394917.1369236843,376561.7599743766,396808.11244731373,445769.1647254215,223013.26869493662,329282.6591729361,273725.38460471656,481613.8911015753,189472.8397924093,0.0,163776.47049255884,107721.86085934461,367144.17494902463,190380.86881039283,354225.51393991936,312068.83511494705,275863.1975055752,347426.72288843873,742801.70147153,368877.5038437557,364536.6955369514,293281.68482535693,282234.24886253616,298267.3632045585,268906.32295280823,301659.29887043097,702487.7681333675,184150.14188427877,252923.04048662708,269969.497391835,330539.10539148015,376416.82780662185,357032.10424834344,333085.853932586,260463.1936224387,278192.225213071,348807.8615513131,177264.74905067842,394205.3130654126,193958.5564779239,331482.8162031933,381878.2147674832,345089.2464015649,197352.48775731205,189598.28078334467,294959.0407158255,261755.49628231305,362750.8328674105,143551.22491988706,296350.3984846317,200064.89919523615,244193.8256672351,205683.7460082833,186122.17238416275,256037.22611956255,254226.75446734554,274204.1126241545
ERR10083202,576985.5807392417,227558.6886321856,312256.56329691457,315105.22412203834,358479.6183160209,308710.51402406103,388095.7582981293,124184.04146668766,239677.84812326732,310037.9393622658,390934.72418423,152694.50702628435,163776.47049255884,0.0,138109.20674596608,276132.05164920643,195072.27876353933,265196.59315119416,183616.31876551715,182510.3773624941,243795.8958637327,659486.3092680544,292854.37422206963,384777.1394612731,196240.07216926923,304250.9247611254,309731.786479851,137533.63694384004,215823.69498273355,628329.9906402685,134810.17013193032,243575.93286283436,301657.43339921196,310877.18629709707,342303.921290715,316772.51647041604,314316.76470242563,271258.104481691,223644.1785917979,327853.9761097919,237124.68234454212,364867.66982839134,126837.59106037926,316418.12791147095,360147.48901665275,327429.5547976694,149994.67115534472,246008.07589386165,266963.4598760662,180166.00687421588,336411.944411907,117606.2143978795,272373.01706850476,155154.30496444498,249816.52037645548,120445.63321681696,150470.95509765332,263028.76311156544,274445.538786842,194916.4123028125
ERR10083000,631742.9278409058,298634.7396034159,321232.2240031345,396276.3764129777,370530.25499950745,396562.14355760184,427038.4609739502,205477.25028090092,311768.7659516264,286088.8017591741,482056.69066096365,114202.40682227323,107721.86085934461,138109.20674596608,0.0,354674.879899888,156449.96254393927,357173.14874861465,294585.8772972662,258036.69378404305,344197.9186834226,725033.4772822562,371893.17445874156,334559.0260507105,292838.27275306755,323010.6148472524,284838.39593004313,217625.50000631818,279427.3396895873,684535.5496013337,196773.43414444948,241580.7667758342,303443.0242813303,331938.7883631559,391164.4409388461,358069.60064350616,337016.9993086402,254963.3570280247,262343.0407310245,355664.76834654284,218057.32348398666,407496.5911562942,197907.39011466954,344349.204466919,403846.970934536,353822.77981921966,218714.51737138987,226627.94353080116,306794.28865446633,257153.27547787526,386452.74520825956,161763.81494326846,300057.1310450728,201355.47922765848,244699.87647933132,206450.48378000958,212621.2691806725,249294.48641315757,280944.9016693487,272961.6081631261
ERR10083215,407079.77550229634,134001.7193695663,304809.6945046204,115866.9430036022,367876.31021852983,171009.00017542936,364440.3236896269,196603.01371799977,116286.28339146453,369574.2937326675,202278.1033255948,348594.3050510149,367144.17494902463,276132.05164920643,354674.879899888,0.0,299333.4587412506,102357.86082661165,197460.4146936798,193610.64507149393,169072.9090008213,517601.3239434381,132618.94590517602,499123.3786470035,201250.63374061708,313880.593152874,370257.34810804226,211729.25868429238,118785.79223122603,533016.633147597,318688.8685646237,260017.3365566227,337200.9046799845,255225.19714557964,242119.88811124128,215586.04894333956,262905.2270020511,297195.43625870167,199027.52760862,212785.21321511042,366959.5610949523,251295.32292106035,323285.7084530648,219462.64385767342,222473.75413967375,223135.98679504837,318746.8490746222,328817.77358743857,233287.93100587095,204406.41571878316,207738.33926119655,311838.1051042351,200646.806376279,358291.0657621817,261526.27192119724,273468.5823947607,288586.2246261938,269850.14814151946,291094.5238509306,199661.9635208469
ERR10083027,524303.0709303542,281125.57418705255,286083.70319191547,346924.51083917374,353697.89220746,365488.5025537739,419414.00761896354,188395.30281564879,254525.5223725118,282586.328774058,428441.24132370827,206545.8498203244,190380.86881039283,195072.27876353933,156449.96254393927,299333.4587412506,0.0,321476.0939494568,292714.41565970064,214647.53519898615,335486.2110728249,658708.2616515448,307150.8917763385,393100.4197224928,273533.4760774264,307411.71670578857,286042.083935214,211302.6468338719,236805.368414654,644580.7961939294,265968.3063205088,142799.74900538166,266717.2939031138,227382.59125975322,316551.5018460661,265292.17912520526,234684.1774832722,207218.56781427673,166104.83683505427,277141.8779885133,199414.63371327592,315438.6054147463,274098.4245157203,280555.7011735816,335693.620360888,280082.0291753828,287430.675901164,228144.65613071018,251791.40255179483,222241.43779457512,332945.1898511225,223562.51109477188,221646.4060367323,296886.6415974286,168287.12651002157,251495.500927949,249644.63441860714,177614.610862958,219944.67477072502,238687.49796543596
ERR10083186,414893.707190167,150022.61579175323,309743.1921398758,75085.42380515675,353493.6692403416,103935.58508037562,349286.16441536875,185901.09193869733,120978.83890995152,356268.04815896694,158133.84150143195,354983.6065214843,354225.51393991936,265196.59315119416,357173.14874861465,102357.86082661165,321476.0939494568,0.0,164747.0755066687,191717.94737582604,100567.93682382074,517136.4462257519,114759.7488146432,510624.9425664594,149827.1739438477,275532.87648663635,369941.43140367506,228724.49613891382,159998.13262347784,521669.5610930352,278539.157423153,289989.29160056927,317988.9601417005,273573.4426017993,223009.03448963678,227720.10686366717,274473.7992340981,319641.83105469786,225482.7516529812,232202.9119455654,347923.96915130754,247066.88779559272,284963.4761491374,229992.4883773381,214283.60028242946,233976.23845168552,272931.05283935723,317541.9042551707,212704.72352065903,176347.05972031402,210058.72669803558,277969.97592545854,213612.72813669132,322461.23776665004,282907.354506736,232593.31813704365,241166.38936427273,292770.75135163346,283737.5569906106,165086.84126846693
ERR10082834,478956.3801328885,182393.01278557794,319937.6382593958,214844.4597563549,365469.0254166555,196728.90935498016,350528.93970969075,116053.44949634199,179014.44029463097,379120.86646741035,253763.86167064845,288244.5178160376,312068.83511494705,183616.31876551715,294585.8772972662,197460.4146936798,292714.41565970064,164747.0755066687,0.0,128507.62530682761,135666.1689331574,540849.5196697507,205710.30851661274,489530.01708884,105953.93076238371,331801.5805070856,372235.1076524083,139289.96541747006,200849.46934707096,535854.121519094,215878.5081428904,306195.75900557474,357687.9564648494,324901.4155324658,300249.81661276665,289188.11225567345,319226.0040660848,344215.0641299709,235906.19097217437,314606.919450288,332246.0367589055,325696.29838393925,209247.44014921665,313358.2484633203,325895.3263211978,315889.11477922124,217143.69020075162,336993.89088528,263713.28360171773,147768.136003673,309188.60787875095,221490.83229786283,271433.24105938093,249905.28993200604,312146.58477708837,165063.54072295918,201712.5320772113,322442.7226237243,324092.65130669036,139609.43624984665
ERR10083108,432707.1232877961,212520.78980419773,297624.8831583139,226136.78939084636,355458.1944322004,237876.72955545693,369942.2215995357,86063.41459644743,154824.63989300927,354742.9567574246,281994.2521187267,282463.80336425407,275863.1975055752,182510.3773624941,258036.69378404305,193610.64507149393,214647.53519898615,191717.94737582604,128507.62530682761,0.0,208224.10319893324,545046.3527930445,172357.02250271093,482134.7039687145,154389.58683797298,318695.55024976423,348344.4508916426,140511.01678516172,176476.95610192284,551840.216984047,250600.21260964643,214070.70943732586,298583.3685790285,240479.07430585308,245843.95108686324,214959.03869807383,230139.64245214252,269947.234081033,154544.6023094951,245942.72817467077,270223.92310082394,262364.23067369533,251859.57636945235,251151.0677978495,280102.16073425784,244829.3559195874,259824.33629666024,281515.8505377628,212692.69563386517,129706.01991426613,275736.86412592715,227983.8801801566,196596.7995924654,293364.5918307116,229264.64095887094,201638.42612954506,215869.81372808936,241713.77623337897,253261.0082839441,136909.3664071235
ERR10083006,471040.8377423342,159277.0244322765,312901.10664233833,138483.19800250136,344146.267973372,97996.3335181475,331288.3796498151,182316.51969857258,152991.0494473451,350064.2845849888,185532.37601292125,329634.9615074226,347426.72288843873,243795.8958637327,344197.9186834226,169072.9090008213,335486.2110728249,100567.93682382074,135666.1689331574,208224.10319893324,0.0,531435.9965997786,178332.0607266119,493927.194875925,114322.95897587675,280314.09313125873,364337.68972204893,220299.88657509562,197238.9183857993,516556.42819153843,230947.89994498758,324655.5550333307,331784.93821902166,316060.12034105154,262005.89870649858,273604.8514317683,315631.04761889315,355434.8284045895,258757.42483260264,299006.9908497124,351426.35485262057,295083.74081606057,235279.70213343948,289220.24103267735,280820.4816729008,293338.3573196659,224331.4493667796,333359.59812040813,232257.20293889704,174300.64933040267,273592.6091271473,247082.58103112003,264551.0085578961,271461.1543609877,322004.4954111666,188388.68299608657,209248.42553290573,328846.8148180852,309044.2546691331,162215.7313548843
ERR10082766,385138.15832893003,563945.8231975834,464584.714135108,502795.59820567246,466408.26425782806,495172.03708913125,391156.9514977332,576409.1659758717,511812.8420614317,617151.5482926378,449856.1652139492,721008.1640328354,742801.70147153,659486.3092680544,725033.4772822562,517601.3239434381,658708.2616515448,517136.4462257519,540849.5196697507,545046.3527930445,531435.9965997786,0.0,500191.4724273096,731663.4135010442,536820.8909934486,604998.9186353972,570186.7434270986,592199.8210680243,579601.4398308548,187572.11349771585,674204.9569700597,636279.5536680399,662627.9826350529,573318.3046493457,528570.1678897514,539566.467279982,564261.4507486755,656726.2865814037,560214.2940803992,566772.2095454222,681535.8076176188,520009.77093897,676169.2903127145,576746.8738493517,556026.9818875699,571741.1740630545,673854.2372538737,683048.3500375358,570035.2692290188,541378.9838338759,565816.8398139101,672238.2795876771,555017.5604978639,709088.5853481214,630380.1088081698,627616.4953369215,634297.7005019016,629821.9343004815,629126.9251478591,531706.9238038941
ERR10083774,361519.3818151386,215327.7721126562,317502.03511631227,112689.27590503011,361999.35343450546,155121.4419865932,373641.1828265187,201352.8638236864,110689.61250270957,367488.48854760063,172472.033953334,384142.52709508745,368877.5038437557,292854.37422206963,371893.17445874156,132618.94590517602,307150.8917763385,114759.7488146432,205710.30851661274,172357.02250271093,178332.0607266119,500191.4724273096,0.0,536868.9721254153,187809.43660529947,293228.39735775936,382678.23461362417,253215.55004383123,175462.1013979942,518915.93950561975,322344.58936051646,248140.7200058064,285159.9890307194,209464.9307282725,158263.23940195335,152558.52610064112,203842.48321191536,295942.9459405985,185080.86411890344,191940.4203444392,335234.0223217208,176498.25729734558,332815.6857316073,194265.0074923428,180577.10486105375,182653.54846813134,322508.7595709611,306611.61426469154,175775.3719950551,187675.31553723308,199248.66603317574,310320.1150489604,169624.26520990444,372399.0173161041,251877.17732656922,277398.21527183626,277162.2624366456,260869.2090205358,243881.72932591732,184634.9718390316
ERR10082806,751020.0805577704,434322.98015417054,322457.27107013727,537598.5726980681,334623.8464604697,532407.8021507574,376116.09273334744,435777.4725579559,469495.37064703845,297239.5833364056,623474.4841138248,309823.26548534085,364536.6955369514,384777.1394612731,334559.0260507105,499123.3786470035,393100.4197224928,510624.9425664594,489530.01708884,482134.7039687145,493927.194875925,731663.4135010442,536868.9721254153,0.0,480503.98114583816,415560.830899641,236845.37408613242,423491.74431740696,433988.02998009056,634140.3835445271,393826.13593691314,438660.0954474888,459273.6486420705,491905.61712182144,548395.7772713061,520472.09646531485,508568.6903605058,393273.54933303106,450514.4849502622,498045.8178591604,442051.4111446767,557875.8896295842,396342.435941447,475199.5151986163,535865.5662318675,496794.6165620155,405088.1672167184,372539.24978047615,474424.7234272261,465823.7730762568,508558.7549428286,391091.83253680967,453649.66085846466,372383.4584739231,415507.7314262636,415791.79247671546,422754.3896259387,399751.4611330395,448886.7818860342,474874.48682257085
ERR10082884,457260.1544110311,197169.72715150772,289635.9019717687,187692.04422670664,322447.13213951833,155909.95551920345,330956.0863740082,121312.74108682896,159629.9425609118,320983.34312079183,226914.06048105526,290628.7487414141,293281.68482535693,196240.07216926923,292838.27275306755,201250.63374061708,273533.4760774264,149827.1739438477,105953.93076238371,154389.58683797298,114322.95897587675,536820.8909934486,187809.43660529947,480503.98114583816,0.0,258420.80374265535,337928.07090119045,188748.8538455267,214412.89454927846,523042.6577029831,192209.31810919053,288196.4255729068,297709.28574365965,283859.596566683,245896.11432066184,251712.8898924328,277020.1025810221,332456.45878520695,218427.8922001492,293322.3473382142,287974.56227243406,273871.6718592852,198298.0540171789,284208.6809019035,285013.3006334968,285466.1953857234,192308.32122401777,302371.15063114074,206342.82198322285,123086.25320481569,277330.9405710081,197723.7186631892,240457.8552470266,242278.82070457583,290892.7767167827,150044.60470140204,164340.9131987528,297749.62660094135,270444.8461683084,107661.90880715426
ERR10082990,502362.491118714,308915.0906090539,248757.1183303103,282213.82490055304,244439.56163027295,272888.41176019184,330319.4825998006,274119.6395207757,266636.07436541666,156876.5475907728,346350.2823746503,342954.6001441007,282234.24886253616,304250.9247611254,323010.6148472524,313880.593152874,307411.71670578857,275532.87648663635,331801.5805070856,318695.55024976423,280314.09313125873,604998.9186353972,293228.39735775936,415560.830899641,258420.80374265535,0.0,242032.46541734852,351767.07714764896,313519.1888896117,556533.4562485889,267099.1315242339,293539.5365466124,186767.6415897572,263278.9061888552,238018.40554671397,269893.097157004,265241.7925572816,297496.7161482627,278684.4541376501,282168.5559714264,251936.27282509362,256205.37006081664,292368.2133269621,246622.77738481495,248514.32550056346,259253.45042448325,261319.65469707784,213039.41409279176,188450.96179908447,257701.84448505603,256942.89012346693,259308.68399072177,231937.13336807454,311566.11371424847,267920.0344711086,267685.2144646768,229551.51432303817,261559.50818121678,188508.08291423475,256462.69172142757
ERR10082872,559133.6270561805,331325.4168547895,123226.61809041096,386133.94501778786,137841.033832455,379574.78325752885,227941.71865852026,309299.7209358586,322526.3964778697,122230.42006800107,457749.450430036,289916.6542853308,298267.3632045585,309731.786479851,284838.39593004313,370257.34810804226,286042.083935214,369941.43140367506,372235.1076524083,348344.4508916426,364337.68972204893,570186.7434270986,382678.23461362417,236845.37408613242,337928.07090119045,242032.46541734852,0.0,336408.1804311542,335757.1403857258,491181.6855726606,312152.5641589381,312224.0230411491,308556.3907991536,327640.43494965637,366585.0139231008,352914.48896722845,337055.34168886865,286758.00798059674,304438.05622819235,344191.90947929036,303596.91098395584,372053.4125444894,323289.75076856365,322627.4764042889,369597.42998159496,338314.548905305,321518.88622443314,257637.70257281832,306058.550805234,312348.53441148077,360098.4908257739,298030.77317787166,291737.8471419161,326976.88062155095,284789.5373411741,311176.15480463795,301881.2896852006,269226.5181515372,291010.12012986763,319274.3431705717
ERR10083218,519863.1243413981,162089.14113227944,300510.42276267224,271532.8559751103,369046.6481855647,276315.34210390854,370150.8594235599,112584.29301638839,190555.3427065219,357905.3631995475,338713.98288231326,201377.43179164839,268906.32295280823,137533.63694384004,217625.50000631818,211729.25868429238,211302.6468338719,228724.49613891382,139289.96541747006,140511.01678516172,220299.88657509562,592199.8210680243,253215.55004383123,423491.74431740696,188748.8538455267,351767.07714764896,336408.1804311542,0.0,163911.19321449648,582580.734345893,226363.93634587643,245120.52334922916,354803.8238069032,303309.58558706974,334752.28635514947,291000.5653877669,307857.24886382,284544.78981699876,196600.44939673968,304073.8218360798,315864.5791221295,348395.11223178776,217635.07826864676,308208.6283185466,348554.95385089563,311426.9199089892,240366.1915536376,310204.99053045554,279883.0255981952,178695.19107687258,329629.16728954675,217651.24561095441,258178.75003570685,245443.398847881,261427.43766483272,188846.4898111691,230969.1426597934,268745.6964846135,312307.45313712896,185931.8175245969
ERR10083258,472654.5250486871,124727.80037345322,296881.43425280065,187393.5021952469,365593.0453441367,228938.94306342903,375686.6882030823,170157.26594242163,131087.98238206276,341351.1456872527,289185.1192004872,274072.51087987644,301659.29887043097,215823.69498273355,279427.3396895873,118785.79223122603,236805.368414654,159998.13262347784,200849.46934707096,176476.95610192284,197238.9183857993,579601.4398308548,175462.1013979942,433988.02998009056,214412.89454927846,313519.1888896117,335757.1403857258,163911.19321449648,0.0,577678.5026344671,275692.3159774316,207215.6393084267,314122.1935791866,245181.0633919349,273017.63508425606,226923.40724350142,259987.55919658925,235256.34627146617,170844.41125772888,210725.07728080207,326392.5719451961,283994.2407937175,279108.41689565725,217435.19204351443,251774.85010818695,222226.21932391328,283364.38596796175,275345.2915540776,233893.5503621252,199649.4989350086,240160.75142079315,261701.39394164487,190232.73378942962,305752.0350758111,209029.78636309228,238825.13972569973,258824.82583013555,218513.88841444382,267715.3996392438,204993.06481195893
ERR10083252,499590.35061438085,553252.1098577031,405017.49845407915,512734.7023237261,377557.6879630449,488308.32890193467,289250.2969765113,565248.8928365981,510475.34368174925,543058.1439477729,479185.5484663535,670284.2173555931,702487.7681333675,628329.9906402685,684535.5496013337,533016.633147597,644580.7961939294,521669.5610930352,535854.121519094,551840.216984047,516556.42819153843,187572.11349771585,518915.93950561975,634140.3835445271,523042.6577029831,556533.4562485889,491181.6855726606,582580.734345893,577678.5026344671,0.0,626832.846049886,634135.365023904,627489.3691043698,577592.2554086057,532687.5555792532,549719.4860153677,570588.9930054733,641161.8302979366,565011.8143472754,580640.2087790683,657229.6326391561,535110.477542722,629944.4015800124,575333.1839212823,565588.2275993729,575390.3819416866,625418.6799872547,643872.6553434305,551925.9321276724,537738.7524523409,568402.0463413199,632949.5013640503,553718.6460712696,652593.215958456,623219.1859939807,592964.5345861757,599544.5893809734,613842.5239815176,607245.2545932326,529963.1906472374
ERR10083540,607853.8923688817,264339.89705112623,326174.9350655258,325807.5391147357,347157.38976003375,298512.78811133036,380510.8755843911,184723.36321645943,278336.28392647626,289117.54332623957,392510.37319031457,202515.77709650178,184150.14188427877,134810.17013193032,196773.43414444948,318688.8685646237,265968.3063205088,278539.157423153,215878.5081428904,250600.21260964643,230947.89994498758,674204.9569700597,322344.58936051646,393826.13593691314,192209.31810919053,267099.1315242339,312152.5641589381,226363.93634587643,275692.3159774316,626832.846049886,0.0,311491.38871082774,302195.93859613664,355031.44732403633,355497.14760037104,354248.8391343012,355889.88406809204,331573.7051848352,287387.72028219997,371430.6309447297,244875.10787746476,386102.1684386142,43069.97505223331,351870.2057094349,378322.00139299326,364512.8836159293,39888.09198244509,262454.6197993093,277570.2143890803,201968.9160341264,356373.2857300053,71880.40851302947,314830.3157607285,73898.89716362485,307992.2520226767,79480.35771182714,96291.48011636335,317693.4869854905,293638.71800735,204794.72124544616
ERR10083542,470911.0248497056,277426.4264809681,298488.4931383453,303508.2503376144,362848.87319102976,337771.96993978054,429703.9940901178,211980.41233802712,214345.8503143926,297119.3082854091,387839.52082659135,285652.67894420313,252923.04048662708,243575.93286283436,241580.7667758342,260017.3365566227,142799.74900538166,289989.29160056927,306195.75900557474,214070.70943732586,324655.5550333307,636279.5536680399,248140.7200058064,438660.0954474888,288196.4255729068,293539.5365466124,312224.0230411491,245120.52334922916,207215.6393084267,634135.365023904,311491.38871082774,0.0,215287.9688905072,131476.1820787324,241233.01504769202,175252.78380955892,147409.73400355893,156672.6048580287,109161.97592568577,204144.19582491196,222885.11129952132,234312.21662559552,323751.868195382,207286.67587425874,263785.3730270122,199455.8442738643,326467.00231263804,205020.03736464394,193295.21905365377,225628.14364568974,274469.8567365823,273569.20203670586,154026.71971122414,351739.26060506806,104092.04612745394,287831.7597121624,280651.61054588656,124408.72729836922,156193.39758773416,246453.9429974696
ERR10083541,519998.4319360973,353080.73240124556,319552.23096545576,319010.8330762452,329069.3680867303,322815.8713818142,422614.6523441893,276265.1244149359,266024.21177404135,230404.87239856712,387133.6597610701,342093.6779173213,269969.497391835,301657.43339921196,303443.0242813303,337200.9046799845,266717.2939031138,317988.9601417005,357687.9564648494,298583.3685790285,331784.93821902166,662627.9826350529,285159.9890307194,459273.6486420705,297709.28574365965,186767.6415897572,308556.3907991536,354803.8238069032,314122.1935791866,627489.3691043698,302195.93859613664,215287.9688905072,0.0,182547.0326546011,190119.11350519178,207118.8260733437,176710.671149198,259427.6990415634,239943.7134808912,272155.4472760007,213251.04444761813,214264.8865563371,328162.28539093275,232960.4310178018,258365.08981671653,226397.56238528716,305305.9150426012,178707.09711704234,128815.53352759907,274633.96519367374,282894.0208134488,281275.56586024316,208928.2359998284,350756.2115315992,222741.77109828324,301541.9768887907,266192.82399230823,212379.28659123046,78312.39126089816,289345.27682338277
ERR10083471,393261.47112957813,303436.61129138654,291287.24612656835,266323.69933785463,338207.9489219613,298835.7471739283,408455.9153507267,249190.98264784782,195336.42614986075,295633.0028937906,329769.4660744078,363234.7178671114,330539.10539148015,310877.18629709707,331938.7883631559,255225.19714557964,227382.59125975322,273573.4426017993,324901.4155324658,240479.07430585308,316060.12034105154,573318.3046493457,209464.9307282725,491905.61712182144,283859.596566683,263278.9061888552,327640.43494965637,303309.58558706974,245181.0633919349,577592.2554086057,355031.44732403633,131476.1820787324,182547.0326546011,0.0,146720.48145708902,90545.04457450999,51203.41862610347,215623.67865566156,126341.72598947665,184356.23656117523,257710.88830121246,123991.78362294818,372663.51452214905,179197.09667569952,207217.93408148823,159636.94084077157,364188.3174334399,240880.84915368428,139480.0034019214,236383.4200425233,241641.5621349109,325984.4214391234,129344.6718925832,405873.4165512691,161301.16449982623,327136.126444329,310782.0192739599,162083.03697179418,124068.95448902599,251589.01668196885
ERR10083524,366338.4399158789,305613.0043813581,313880.8897161469,199344.89725097053,337589.35705528397,216369.04151472318,389646.305867257,257550.70375364926,180003.47143874754,320344.86567916145,233842.57265947104,414967.8593421423,376416.82780662185,342303.921290715,391164.4409388461,242119.88811124128,316551.5018460661,223009.03448963678,300249.81661276665,245843.95108686324,262005.89870649858,528570.1678897514,158263.23940195335,548395.7772713061,245896.11432066184,238018.40554671397,366585.0139231008,334752.28635514947,273017.63508425606,532687.5555792532,355497.14760037104,241233.01504769202,190119.11350519178,146720.48145708902,0.0,101750.03007370562,127162.70667141369,302356.83077119326,206121.6492050265,211045.03182970217,302947.8403520976,69056.17905010383,375258.9531949904,192091.57042931372,171413.4326183336,167705.82868224944,355234.0980283283,284296.6502862811,98326.32772558935,233639.24221328917,222905.63192974735,340201.57979057066,166141.7977451791,412806.2416848854,252553.60541081175,323291.7048920371,302123.7424814541,249734.64449891608,166111.44343181176,237884.56903296607
