,ERR10082910,ERR10083185,ERR10082717,ERR10083228,ERR10083008,ERR10082679,ERR10083238,ERR10083036,ERR10083253,ERR10082874,ERR10083247,ERR10083101,ERR10083080,ERR10083202,ERR10083000,ERR10083215,ERR10083027,ERR10083186,ERR10082834,ERR10083108,ERR10083006,ERR10082766,ERR10083774,ERR10082806,ERR10082884,ERR10082990,ERR10082872,ERR10083218,ERR10083258,ERR10083252,ERR10083540,ERR10083542,ERR10083541,ERR10083471,ERR10083524,ERR10083523,ERR10083484,ERR10083459,ERR10083457,ERR10083439,ERR10083544,ERR10083494,ERR10083490,ERR10083473,ERR10083498,ERR10083519,ERR10083478,ERR10083419,ERR10083495,ERR10083511,ERR10083493,ERR10083564,ERR10083559,ERR10083500,ERR10083552,ERR10083455,ERR10083510,ERR10083491,ERR10083366,ERR10083530
ERR10082910,0.0,1401327.7889048657,1213381.9992817596,1041040.2807667914,1164366.5100349633,1057218.5331921685,1258003.3349284094,1279692.8359121967,1104577.2250014935,1281090.392183159,926904.2802209946,1822257.678082603,1589431.1962607882,1541014.5118327083,1712489.3429399787,1162466.5761689667,1479264.1124366533,1096612.5895953411,1283741.1332071587,1188324.041866948,1203952.916679884,1034030.3809869417,952871.5299902711,2016701.164088522,1126266.6227994151,1032316.3909185013,1401747.9581533193,1497180.5774665258,1374477.6207356015,1304482.0430584701,1484776.8026865183,1340035.8058578137,1144247.3936426512,1036982.8311519916,836283.5438970445,967584.4217638066,988320.8739832423,1425966.5251207687,1158199.0825393535,1058651.1106856687,1236675.339653864,779229.5615644981,1533411.3686222625,1083639.2880220797,936388.9953219228,1052275.450478153,1466154.6788112093,1340682.9306804796,1027801.7476006742,1103105.6391134986,1047806.5945187594,1439375.2413370183,1055557.8121817866,1654304.1038333913,1289283.2922973135,1390402.3686116908,1280169.575360624,1324386.0676460622,1106679.5422293665,1074059.8922704451
ERR10083185,1401327.7889048657,0.0,787377.3821567394,537687.0802743916,926723.8008069071,581821.8032215706,949016.1787114064,475566.05603428005,410135.1824813375,757016.6526510497,824364.1213074474,714685.8708495642,783763.6203830846,566609.71376954,779086.8033396535,360371.27119541593,789097.0645668377,451126.5529804248,485237.2056437964,597798.8854807275,435217.3431597137,1614090.5988013807,633092.5211096716,1134941.9938397733,511280.34877843683,693740.5629080659,842345.8737525815,458238.96416826017,348066.06110909465,1612125.890754503,524590.965096617,774835.3659416947,846343.0004076362,838544.3930568018,868133.707348125,773933.3305220805,878944.1443789246,829479.7068030055,632343.8548495589,737165.922780618,896917.085292169,918842.5374377266,547008.7874312442,742755.8063172579,819138.1316340974,761152.3082603114,514333.7063609578,781097.0419499744,685415.0760539193,550108.122367776,783388.019690115,573175.7659836989,671388.9159667443,585595.0795174085,762331.1356976049,488650.4926509335,547054.8012804567,764321.2693625633,805372.8508374243,548608.4430019283
ERR10082717,1213381.9992817596,787377.3821567394,0.0,919197.3066442264,239259.5007141827,922168.8121596826,463479.3421890559,741483.6126968687,704095.0645793506,348834.68967836327,1084127.841516396,917563.3759986282,920694.9475032433,866583.7827042461,903089.1900892182,813817.7807574617,803978.4111852755,888620.0200771982,866325.6865954051,794330.4507117929,899189.4263285128,1224488.9500444664,886815.5611901496,897858.3859835581,800618.456928767,637605.1841978702,270134.383598238,808596.8635358413,825468.5231975839,1153505.5457131534,854335.8242921808,828121.8809462772,828092.588229722,784872.4693190608,894049.7302454713,807631.1287072831,799870.0639041319,845678.3420544717,686483.462360165,831850.7408489819,850489.6301748776,881340.2891908437,888759.8001366849,824142.3160267891,940452.2978572597,836208.0679914539,870306.6982478073,796285.6044717875,756145.6547253313,729398.6671670027,929487.9916233453,834516.1097252707,692561.5321839642,923496.6730015869,789187.9551741778,823940.9112430332,806018.8019692841,744364.6963619379,776920.7639444321,737304.478227957
ERR10083228,1041040.2807667914,537687.0802743916,919197.3066442264,0.0,970513.0239929807,223059.50874150154,998328.896295204,665208.2673043082,380226.5993812111,886491.2855256954,375497.2541351002,1157761.4219138587,1053696.5411502498,896805.6555664666,1147381.040212884,327981.09975881234,1046248.7220493987,203511.73214829655,605258.1181619954,673409.5246757355,342401.67061946413,1388710.810485394,325866.4399428085,1514900.34698623,482905.47968003014,577963.0230282902,1055854.9788981439,832029.803245052,595255.9786243226,1466242.6344282178,793437.7437146534,912399.9538426118,751078.891196524,759330.6971399221,539994.4700216845,600113.0030810864,763835.8366822023,1000771.9169481127,726152.4711629094,635084.3375009338,966387.8922135769,618378.290764642,846917.1156500499,626993.2666352965,517295.5511378384,612474.2052299019,752009.7908371938,882740.5802153881,526688.327850542,596271.9359780401,576154.7846369063,824792.5124520712,623758.8975325322,939365.4238404775,882005.3106858258,721027.0221787808,673529.2899584991,895184.785223699,745691.0633901951,561248.8308219447
ERR10083008,1164366.5100349633,926723.8008069071,239259.5007141827,970513.0239929807,0.0,943298.0305629817,343742.5665698096,877564.0690456737,801785.3192925148,462258.14016521117,1080519.830452454,1097354.8590342142,1080317.9125738868,1015712.275299457,1084671.4033872194,922173.2793878816,991699.8479076216,954220.6865762238,955466.5411865556,910779.3328759717,953054.5812895503,1075256.7712490817,942165.3357266972,1018298.0720992257,869125.1261855223,675500.1425551292,410293.7894436132,969882.6735435581,975352.1765095929,978550.8494283779,969129.4148342625,987351.9488774,897952.0332473222,877371.8194693741,915193.8386156235,880849.1348891704,880164.2033711664,991420.5409744141,827677.6998409466,930000.8930764529,961779.9422211923,906205.0533631999,1005307.9365970409,906281.7512186815,984040.8988995325,919525.1021543675,973739.3003627819,910560.6507976281,821849.5502499226,827438.4008257049,982729.6054113766,962911.0181262856,799404.9546325066,1046129.5095938169,936227.9457525288,935505.9646800762,904224.8544405313,894128.6899356267,867465.577484202,827212.7712753231
ERR10082679,1057218.5331921685,581821.8032215706,922168.8121596826,223059.50874150154,943298.0305629817,0.0,933789.5326785367,698337.6309279058,435937.7273843135,920770.7629334242,279934.70816067094,1192809.844861284,1130249.734273802,936102.8171787541,1203176.6435856374,457320.66312052857,1122854.6018242966,298404.6798728197,578451.4104114537,716567.3307833675,276489.29680007504,1301026.4357056702,432793.78258126584,1550436.712771921,442119.7458596483,629491.2021466226,1078926.9886512246,857826.9645109088,710200.0256660092,1369215.7463938983,798443.4473943661,1020699.5458801772,838268.5963967635,857238.2310717365,603556.9201707491,692489.4503795707,850095.1732365029,1119234.6614825686,808885.733650928,789571.9751099326,1032529.3163155223,691480.1937170724,845590.2482638976,775484.8636201741,670789.1112257264,756587.4530905201,754076.1175909233,989453.4187383456,592644.5953790518,611237.1168286494,726645.8564431507,855157.6383421947,742496.4214896931,939890.5331776674,1002718.2438651448,721733.8755704904,692075.7278347508,1008683.1920439638,843231.4004874344,567602.4162448571
ERR10083238,1258003.3349284094,949016.1787114064,463479.3421890559,998328.896295204,343742.5665698096,933789.5326785367,0.0,976745.3620847145,887801.283822568,730308.5217351636,1065087.8661702047,1202885.3598360901,1249392.5047109895,1109677.221814524,1234295.0378851888,977537.6512150312,1196484.7906939727,978527.6889725707,957254.5571701395,1003975.152804092,935670.2082801397,936435.1037349037,1018887.7866178395,1105176.2691023545,912199.149399406,863127.910900812,629730.6543038856,1032344.2360792257,1054009.814829065,788154.6493341265,1042280.7295239609,1204782.1974705635,1126515.2353905383,1105129.9684485078,1070325.6626111513,1061747.2917851028,1106391.7838514529,1188240.15576566,1012800.7332392685,1098037.5522034755,1179263.6665771569,1086458.5366589008,1062361.7347575165,1073620.9722839806,1124280.2586877525,1092412.3200934709,1035860.5882583815,1113417.2148511985,994894.3217729208,930417.3042173065,1108138.0262936563,1068564.0818607933,987366.0040911881,1096298.1578051657,1147870.319331413,995886.3294422713,996327.6914579861,1110517.8610612259,1101520.7239094505,916945.237336996
ERR10083036,1279692.8359121967,475566.05603428005,741483.6126968687,665208.2673043082,877564.0690456737,698337.6309279058,976745.3620847145,0.0,419356.3810257333,709712.7939927531,893442.4758052417,642075.0594237406,513843.0464529028,323965.7447416316,566876.1443931117,492069.8701698774,539426.7319645922,543163.4935376272,315515.0715433417,208526.87611912284,550300.0242404138,1585545.2846535163,568584.1035933031,1163831.8758330173,357931.249953116,651479.6934717152,798986.3029877295,294279.15427362506,441704.8679106899,1613801.258442625,351082.7088977753,569602.8325210471,665166.4810609446,669412.6571069597,749282.575913787,629125.7388892939,667442.5536119195,713011.7312947944,401928.848243069,679962.4451092869,570619.5290865885,791711.3929867373,387082.3174429439,694197.0979311279,804849.9424656748,690250.4765025519,367425.24183158675,614288.4631726368,544104.3103982912,293747.9973463649,772382.229408471,323323.21922033373,535051.6581462017,489076.2963884061,598500.4053833213,301246.5351369207,314980.0213156384,623920.3535019514,603098.7438454834,320820.1246571044
ERR10083253,1104577.2250014935,410135.1824813375,704095.0645793506,380226.5993812111,801785.3192925148,435937.7273843135,887801.283822568,419356.3810257333,0.0,670976.141939488,628401.8851451672,875723.6814126931,818222.5237763869,641261.0579966633,860036.6096969361,290377.2187448595,745992.8809827879,352628.7347097511,478653.4051586806,438826.527405762,414123.1895825202,1412331.7564071128,326655.3903182986,1261382.2523763366,395205.9987905042,528624.4822603281,817138.7394212809,559646.8527303624,399341.65272983984,1453169.2829942422,613213.814356787,623348.8022471849,561419.3161283284,530295.8174943491,502911.31315272674,423295.9666214645,546038.8285964653,760843.0108892373,426937.6461721313,549472.177950804,746980.3693525018,561082.974519812,665644.6006526306,546015.5897655304,591429.94682887,517344.6237866979,605339.8760118154,672605.7759653868,347093.2483598608,412073.74694343243,627036.420344943,621006.3988559216,434472.1711525377,751229.3087014111,638856.7834601117,549587.6813930604,529176.3177174504,639060.516468511,528769.5317120682,422984.8519178908
ERR10082874,1281090.392183159,757016.6526510497,348834.68967836327,886491.2855256954,462258.14016521117,920770.7629334242,730308.5217351636,709712.7939927531,670976.141939488,0.0,1105561.775847917,836474.4336971693,778437.9411314687,803961.7645640867,802891.8196189322,778317.3729437112,687784.4480758489,862114.8438096864,896916.1236013097,793708.4578502361,897176.6766317546,1470011.2935124002,854475.3740196378,896919.5540805206,796328.5380934178,471390.8877492224,314880.8403078854,801899.3228061737,757051.4566309215,1411660.0936025642,779646.8313396778,677094.2944088364,631410.2782121939,651281.8559748152,814209.8724413749,712318.499469163,686753.7663435127,702316.2366121119,602177.0396212396,713500.3082227786,715189.8727890378,799447.7521351848,832747.7108536535,693509.0995358316,826146.7602756788,708755.5975489718,797315.9571913759,614549.3380876754,637127.7584794121,705995.0222841518,825285.5469841938,749817.1257313346,578433.3487775406,861657.5812676402,634457.3811951438,781167.7180049109,736840.6383791545,584538.6334956826,596938.9836348435,724176.0785955305
ERR10083247,926904.2802209946,824364.1213074474,1084127.841516396,375497.2541351002,1080519.830452454,279934.70816067094,1065087.8661702047,893442.4758052417,628401.8851451672,1105561.775847917,0.0,1434832.6575670766,1337868.6273677994,1156039.2390455438,1426496.6807900395,643811.1761518279,1308725.198696426,487071.388201976,769169.3778785008,879003.2355623044,510348.3956122523,1224017.6196820044,536056.4888889976,1786779.5755128835,621977.802121587,768392.6035035736,1273313.9800744355,1075688.2824577945,930079.3992036378,1354052.234115804,1026739.7135710686,1184581.2127199215,962205.0527138173,959816.4830674664,624638.4860245164,780164.0325213666,934604.2923724457,1306669.7450806,969177.7061421708,918017.352929671,1179252.3800315182,702781.3780543705,1075052.4245170557,909918.9359074796,740056.6553636282,876305.5102537015,979929.6177195584,1178667.2625698908,716281.1941765608,779360.4580462112,830785.5003735923,1072721.5294045329,888392.4933068716,1180686.5604443883,1175900.8496829143,941935.0091874704,894001.2393240851,1187808.240304385,970841.670854213,729927.5922884407
ERR10083101,1822257.678082603,714685.8708495642,917563.3759986282,1157761.4219138587,1097354.8590342142,1192809.844861284,1202885.3598360901,642075.0594237406,875723.6814126931,836474.4336971693,1434832.6575670766,0.0,534894.4615230185,454130.9220808466,314964.49199552636,924833.0048797999,546216.8229851585,1050914.4479566356,823684.2144189726,777184.5552273926,1020190.0121639105,2004907.795197824,1111704.1743193194,795132.1408854002,907783.490565344,1042669.4145480628,813412.8110670497,452590.5301704842,694267.512355288,1940201.2931623873,603020.893046833,751354.9015345544,1016747.7719183848,1025578.4269362339,1258843.7632986868,1071809.8169269583,1069143.3492502302,775104.182314868,756663.3081549547,1041495.2881328844,880457.37618297,1280649.6351348404,589585.5153724521,1044645.6381127526,1246175.2588769365,1065203.5911552308,666503.0456021938,794880.6948523785,1004211.1336775748,842108.0025228355,1172499.2092892856,593513.2959277324,914911.5995368077,523546.41263311123,784811.7497960896,673055.5538334113,767423.6456169435,752917.8783838248,961485.3595588442,880381.5966494302
ERR10083080,1589431.1962607882,783763.6203830846,920694.9475032433,1053696.5411502498,1080317.9125738868,1130249.734273802,1249392.5047109895,513843.0464529028,818222.5237763869,778437.9411314687,1337868.6273677994,534894.4615230185,0.0,378185.28968747583,293884.90331080294,844589.6164581944,406413.3713499102,928270.9446417032,763264.485804888,598650.5831501378,970094.489593153,1958804.1463569042,935424.7910692767,1013974.0302320371,808329.148976455,851954.8092803984,834339.7185787094,541350.8160703187,646214.4166900023,1953507.2966459582,512569.15743634047,538901.4512710093,782404.4618641946,832586.4196856684,1062383.7848461356,900063.0708283726,855980.2851549794,591356.1125971389,594227.7129989816,815163.9218592786,502972.65536508046,1077206.9883819916,529255.0285627904,834249.7087994698,1020469.5587213761,861969.0795660828,558811.295670551,517738.6281542068,834318.4217923034,657700.1374813601,954049.9306587679,392181.9829989644,714449.3251567951,543072.8578146766,537622.351780504,562876.8166464133,546019.1024075989,593502.141598495,711867.9243005685,701577.6377429657
ERR10083202,1541014.5118327083,566609.71376954,866583.7827042461,896805.6555664666,1015712.275299457,936102.8171787541,1109677.221814524,323965.7447416316,641261.0579966633,803961.7645640867,1156039.2390455438,454130.9220808466,378185.28968747583,0.0,382363.2549840531,677630.5045162888,519371.2800492534,751141.4676823535,488260.126224741,441798.20951425325,738533.2774120609,1807869.5306473307,803077.4678142825,1027230.4008249561,602090.723345743,841152.6690928348,838815.82617521,241195.36189155877,493193.4280725971,1798918.7268753971,306644.7963116283,610624.213923752,818449.8774897581,836576.3812665285,1000934.1975184982,851291.1740556224,860583.3927702765,690407.6850644117,542382.4787177403,835351.987647722,633745.8508305991,1038590.2991358045,293362.7478413031,844869.3745721879,1003687.679855143,868874.9077157194,355264.59385505895,632777.7787572822,771277.9329385743,509932.8970256773,932562.4195462735,269636.9869899158,713187.1898646245,333757.46482288605,634320.4761664249,337427.5284561116,420310.05428611865,675453.4644400012,755738.2978822761,558802.1972066681
ERR10083000,1712489.3429399787,779086.8033396535,903089.1900892182,1147381.040212884,1084671.4033872194,1203176.6435856374,1234295.0378851888,566876.1443931117,860036.6096969361,802891.8196189322,1426496.6807900395,314964.49199552636,293884.90331080294,382363.2549840531,0.0,917483.6355810385,372734.2172835759,1030800.445558693,810637.4968843965,668948.102190297,1036334.145533669,1990854.354776612,1047849.2848148536,882488.5765181326,885903.7960777682,980219.1628528795,797114.5061407426,473372.260370208,684391.2992886453,1958817.3773644648,572837.9676950542,594851.3871245489,898923.6472687767,916003.0440402477,1174209.151349963,990362.282417399,946071.1390408229,641901.2069391987,652117.5160613308,936767.0667871496,653044.142710889,1191473.7546572313,568930.8416890404,955212.531265163,1164531.4168827734,973098.0183157296,640568.5968395579,648659.2893152768,926437.8916009427,743541.5318790202,1104932.751544636,483135.7136674953,815671.034028425,546327.368116407,627649.6436962264,622055.1001462813,665357.915845299,641068.9888865317,832087.269598568,794706.8440519435
ERR10083215,1162466.5761689667,360371.27119541593,813817.7807574617,327981.09975881234,922173.2793878816,457320.66312052857,977537.6512150312,492069.8701698774,290377.2187448595,778317.3729437112,643811.1761518279,924833.0048797999,844589.6164581944,677630.5045162888,917483.6355810385,0.0,831833.4505434366,256559.26764979667,506281.9219841846,533218.3759971143,392781.1879329253,1494391.7379101103,374788.136028877,1297259.6645251866,457546.76475306874,589566.8789077284,913811.921005083,607926.2625294288,347026.49657194765,1546161.8348614094,642142.0031550654,718335.168340657,703471.7263259413,676079.960263577,636480.8874294655,570913.0392502872,705054.147392241,810814.2578870946,547302.5958836665,565210.7589050301,845225.5952099416,685293.9451184433,686421.8078470409,559712.8560869404,583200.5281136155,575435.5769632253,614100.8930656265,729921.3905140745,520432.38394146843,509258.9754928233,535326.341454444,660682.8601136857,520429.94009184366,769061.8842980063,699843.6344277199,584637.3959378583,570022.536632544,719496.618793306,657012.6733336275,499476.17061677726
ERR10083027,1479264.1124366533,789097.0645668377,803978.4111852755,1046248.7220493987,991699.8479076216,1122854.6018242966,1196484.7906939727,539426.7319645922,745992.8809827879,687784.4480758489,1308725.198696426,546216.8229851585,406413.3713499102,519371.2800492534,372734.2172835759,831833.4505434366,0.0,963810.2163434459,831840.9506696578,601993.2179933591,1011549.5665606308,1852785.1344014502,914504.4098958736,1010360.5084815024,821119.775089481,849121.7142777588,747604.3338732059,550410.3652984743,650972.783610805,1861821.9481048665,667748.2141533588,377596.37135438685,713951.9289440991,664567.4028682117,978729.0952485269,775042.2591878459,695025.5181286512,564603.0314070232,450629.07318991306,779221.9978318118,503242.1293542503,966112.2691908017,698204.9159029174,813880.0727711669,1005872.7518175448,807919.5054224152,731234.756721123,585619.0442335359,756940.0072119322,664261.3775578104,982679.0668829778,558771.4298324494,641222.138059035,729023.4646450003,466003.3935992312,687628.1276751264,678220.0755846143,481840.3950645898,625160.5093637953,714045.6480863111
ERR10083186,1096612.5895953411,451126.5529804248,888620.0200771982,203511.73214829655,954220.6865762238,298404.6798728197,978527.6889725707,543163.4935376272,352628.7347097511,862114.8438096864,487071.388201976,1050914.4479566356,928270.9446417032,751141.4676823535,1030800.445558693,256559.26764979667,963810.2163434459,0.0,457187.8653846797,561234.8834685883,243923.34710519205,1431700.0613756361,313207.10808504967,1430688.2410724568,378563.8868711594,577086.3397655501,1008324.6343623664,702428.1143590425,495712.1212921871,1498988.8395858724,648148.1788210162,853505.6287277782,753294.2186363838,764955.4684457128,610726.7824010996,627494.904641464,772330.265743872,930913.4641952495,660525.0195382457,627416.2463604206,882071.2094955826,684019.1952006903,692334.2250654665,627012.5187522175,569701.7697997787,634391.4235675007,601011.8376346675,808896.8933127386,543534.3293647605,485173.99413097155,569393.3171314887,680819.5360145007,602270.1979518827,789403.3139865831,817399.917889646,571632.1420056784,534426.4359965738,849354.7655073232,729067.3126879301,452926.23127502785
ERR10082834,1283741.1332071587,485237.2056437964,866325.6865954051,605258.1181619954,955466.5411865556,578451.4104114537,957254.5571701395,315515.0715433417,478653.4051586806,896916.1236013097,769169.3778785008,823684.2144189726,763264.485804888,488260.126224741,810637.4968843965,506281.9219841846,831840.9506696578,457187.8653846797,0.0,355369.73779290775,379961.11996097706,1496554.5519559253,562952.7154353197,1308573.5692057975,263181.7278687865,764440.9783397277,962972.2185291743,419622.84062119405,544762.3713923347,1532409.2516739776,406287.21558769234,841335.067642494,866971.2288259629,873735.2919746346,830281.0086609232,774393.9410313074,865847.3799850642,937304.389342651,634058.3723167765,827524.4958029944,811126.4129603967,895311.219829172,414986.81557129015,834999.9151275406,881764.4732001851,839050.3327458968,382225.64648647007,829760.8926540223,684116.8157683306,381998.31607744034,840273.9632161644,467184.6976924651,719825.497121351,522116.81392768805,843338.8059487124,327350.43815305945,389952.4123261709,871115.7558929812,823257.0114933732,365613.6471139993
ERR10083108,1188324.041866948,597798.8854807275,794330.4507117929,673409.5246757355,910779.3328759717,716567.3307833675,1003975.152804092,208526.87611912284,438826.527405762,793708.4578502361,879003.2355623044,777184.5552273926,598650.5831501378,441798.20951425325,668948.102190297,533218.3759971143,601993.2179933591,561234.8834685883,355369.73779290775,0.0,600381.0494685854,1526384.143473392,499232.14849907253,1256801.4119314952,405413.03706343734,710574.2487720759,868398.3942695886,415448.1631130411,496192.6742264541,1579610.0977902743,492703.29947038105,578135.6435854825,653417.3875043425,637909.3240367317,694964.4670355456,578503.7386249115,616707.3476860804,719517.6235951417,399145.99472874583,647500.3169922004,570807.988454086,739085.4814735573,524494.1500045544,667207.2667110274,773032.1947752241,649047.8980630012,506738.5675187946,622818.1731091347,530857.5663188761,326514.15387851105,756476.3657511052,441120.4720447692,508751.94057320314,629386.0394598851,600367.5157951169,425265.7256328095,405168.73612607375,632525.6819102288,589745.7468333282,358036.6280717659
ERR10083006,1203952.916679884,435217.3431597137,899189.4263285128,342401.67061946413,953054.5812895503,276489.29680007504,935670.2082801397,550300.0242404138,414123.1895825202,897176.6766317546,510348.3956122523,1020190.0121639105,970094.489593153,738533.2774120609,1036334.145533669,392781.1879329253,1011549.5665606308,243923.34710519205,379961.11996097706,600381.0494685854,0.0,1420759.6796165071,467523.7786701335,1418936.9334011995,320882.51771014265,667528.9855242242,1021716.264306779,669853.1498388285,568227.1866700853,1463127.1067374838,586878.6461288228,947325.0148935159,860681.390178735,882280.9379613729,730668.7579683423,747390.0624921367,887036.6673610511,1033775.148953098,741182.078591354,797319.5445842275,951765.0931810853,813161.5348982022,621249.6011733126,794040.558575568,756423.481126809,796702.7995400794,539545.1541900826,910915.3715510569,637788.5949944543,497316.0053949601,753434.4190750779,664980.7649684312,739410.5350845361,713777.0724673076,929970.6155857829,511454.85776850337,522682.5345972448,953644.9706882535,845427.1610771682,461268.87642025016
ERR10082766,1034030.3809869417,1614090.5988013807,1224488.9500444664,1388710.810485394,1075256.7712490817,1301026.4357056702,936435.1037349037,1585545.2846535163,1412331.7564071128,1470011.2935124002,1224017.6196820044,2004907.795197824,1958804.1463569042,1807869.5306473307,1990854.354776612,1494391.7379101103,1852785.1344014502,1431700.0613756361,1496554.5519559253,1526384.143473392,1420759.6796165071,0.0,1382799.5460015165,1976813.1325433874,1403242.2464250426,1412968.9224392022,1449062.0336358964,1713230.5551673423,1686875.4238410732,384940.88628775196,1727264.7773552265,1796945.3804951892,1624904.36046864,1550614.3978926546,1357462.0199110545,1460193.1855134785,1512078.1757114942,1841422.8205523575,1571570.317949216,1582079.743277184,1728714.1016593808,1355888.450578439,1755329.7198993699,1571861.9416656794,1495926.8791501808,1558124.944012835,1708285.8197795823,1762311.4257985165,1457676.1952288994,1461176.2464158798,1539876.9463950682,1743882.9053121656,1514546.2538654935,1837184.6284687885,1756628.953569592,1643995.1503447327,1606756.5976597078,1741397.8352452952,1608664.3718541788,1429411.6858092353
ERR10083774,952871.5299902711,633092.5211096716,886815.5611901496,325866.4399428085,942165.3357266972,432793.78258126584,1018887.7866178395,568584.1035933031,326655.3903182986,854475.3740196378,536056.4888889976,1111704.1743193194,935424.7910692767,803077.4678142825,1047849.2848148536,374788.136028877,914504.4098958736,313207.10808504967,562952.7154353197,499232.14849907253,467523.7786701335,1382799.5460015165,0.0,1475199.262050385,465693.3884971957,585679.4219203881,1011058.473686364,764827.8871622033,546096.0330793477,1476689.1773687515,749231.2534511625,739266.7372964916,589364.0701043796,576617.1167993541,401815.11625497614,413520.61219242745,563698.209935955,857820.9803268978,551455.0132395207,517746.0368076225,801164.3503501638,474616.61326801445,805980.3799932105,515746.1175084113,463550.69919697026,482696.34088627604,724347.3968393895,733001.6824264458,389994.5661070164,501129.98498992255,525148.1972634011,743561.1835605729,469827.33184437023,908433.1202867936,723972.7137268365,679339.8761849623,611558.9760317479,752371.6705850905,566350.4916259896,491694.2470173919
ERR10082806,2016701.164088522,1134941.9938397733,897858.3859835581,1514900.34698623,1018298.0720992257,1550436.712771921,1105176.2691023545,1163831.8758330173,1261382.2523763366,896919.5540805206,1786779.5755128835,795132.1408854002,1013974.0302320371,1027230.4008249561,882488.5765181326,1297259.6645251866,1010360.5084815024,1430688.2410724568,1308573.5692057975,1256801.4119314952,1418936.9334011995,1976813.1325433874,1475199.262050385,0.0,1361982.5670249967,1276541.612761997,692274.0117070697,1033751.6163087727,1099844.897228241,1812263.320664522,1118264.0334527441,1133196.2959377337,1335506.8625649214,1332481.5335155681,1581151.0825765512,1412208.9138119756,1389918.0190619158,1007610.1213440644,1149971.0221188185,1318118.3335672105,1262018.1420510563,1580007.9276712507,1112601.1912423966,1298633.1574663415,1518969.285083145,1351363.3203609604,1159830.5122922056,1055899.29364026,1364676.8571889098,1283603.6034228012,1425931.717992485,1104423.3751238699,1217127.6662873127,1034426.7331444988,1088067.326721559,1172798.7860741501,1225204.189939375,1036550.1257107637,1282207.5377125966,1316087.435172147
ERR10082884,1126266.6227994151,511280.34877843683,800618.456928767,482905.47968003014,869125.1261855223,442119.7458596483,912199.149399406,357931.249953116,395205.9987905042,796328.5380934178,621977.802121587,907783.490565344,808329.148976455,602090.723345743,885903.7960777682,457546.76475306874,821119.775089481,378563.8868711594,263181.7278687865,405413.03706343734,320882.51771014265,1403242.2464250426,465693.3884971957,1361982.5670249967,0.0,596980.3409233842,923957.1338557866,548289.1696367894,580689.1852884812,1457904.3936328609,467152.5176941681,814335.3151687577,753550.3057925197,760584.5667629603,671831.757757104,652766.5610047745,747085.4014066933,943763.7696929248,585069.0731964902,751811.5763208226,752303.4724511113,730389.2541706786,511239.5001797103,758508.9150557164,755195.1961433548,750099.1082230401,442118.3171799151,811360.1899206048,550273.3667614671,317232.3540403784,749225.6726988205,514125.09441963636,637401.8512367217,629837.4767366578,815641.2238766503,395319.7258030517,381535.0038109216,838973.0480122708,718424.076672685,265345.912235331
ERR10082990,1032316.3909185013,693740.5629080659,637605.1841978702,577963.0230282902,675500.1425551292,629491.2021466226,863127.910900812,651479.6934717152,528624.4822603281,471390.8877492224,768392.6035035736,1042669.4145480628,851954.8092803984,841152.6690928348,980219.1628528795,589566.8789077284,849121.7142777588,577086.3397655501,764440.9783397277,710574.2487720759,667528.9855242242,1412968.9224392022,585679.4219203881,1276541.612761997,596980.3409233842,0.0,722584.3910146413,852772.9412780403,714576.4990706034,1437810.307022105,741337.7881391181,739525.82367893,508840.959215156,577093.8305362483,528532.1276497769,543542.3250318231,588248.8088657723,806915.4364789411,597222.8112053323,558638.4516849874,696536.0192976383,532847.4013645933,811502.940212172,533968.0851830004,516962.6406956309,543798.3084159052,717342.1299150079,640061.6952364827,433211.21460784,563497.1263786533,565621.9384394492,727406.2202256728,472610.37286648713,887833.1890794577,682684.8413096631,712142.3719074719,608212.4225942775,685493.3699606437,496097.78475619096,548535.3900351371
ERR10082872,1401747.9581533193,842345.8737525815,270134.383598238,1055854.9788981439,410293.7894436132,1078926.9886512246,629730.6543038856,798986.3029877295,817138.7394212809,314880.8403078854,1273313.9800744355,813412.8110670497,834339.7185787094,838815.82617521,797114.5061407426,913811.921005083,747604.3338732059,1008324.6343623664,962972.2185291743,868398.3942695886,1021716.264306779,1449062.0336358964,1011058.473686364,692274.0117070697,923957.1338557866,722584.3910146413,0.0,820786.5240060901,843933.0602198257,1348860.9929547966,856871.6836067113,798422.098087221,859277.8580779327,842690.5815914879,1028868.8459264378,907707.8049157669,876792.0735385328,745656.1573741613,724452.2467395625,863605.7964922421,835424.3485744236,1015367.3216284834,885379.7362674391,850781.3282847714,1020592.3053496925,881928.1536054964,885673.9844677611,718324.7552444506,853237.3957041499,820344.2912088801,986984.8324417148,821242.7967361419,736804.6175540704,890947.7450069673,734461.1382530732,854974.4547049345,843591.8382867392,683259.6555746578,807574.4224206213,842914.9044589258
ERR10083218,1497180.5774665258,458238.96416826017,808596.8635358413,832029.803245052,969882.6735435581,857826.9645109088,1032344.2360792257,294279.15427362506,559646.8527303624,801899.3228061737,1075688.2824577945,452590.5301704842,541350.8160703187,241195.36189155877,473372.260370208,607926.2625294288,550410.3652984743,702428.1143590425,419622.84062119405,415448.1631130411,669853.1498388285,1713230.5551673423,764827.8871622033,1033751.6163087727,548289.1696367894,852772.9412780403,820786.5240060901,0.0,448146.35232031066,1707211.5808548746,381229.8942436178,648433.3565540873,857735.0095087643,835548.5964879601,977591.8358568673,819902.3320207109,858769.5591938504,743895.4211433218,530273.184656739,838850.5060205901,743557.4147185945,1014305.6596465387,371707.4789710317,852339.9664335821,1001918.8146945839,862663.0095303728,426168.2542904856,718440.8352362774,756525.6926397147,508846.422556944,941129.5870909595,389911.3160720012,707679.8493761144,406007.83686894516,686627.0090434835,382538.15004780894,491184.77865463216,696781.6874473669,791414.9617577367,542642.7468427087
ERR10083258,1374477.6207356015,348066.06110909465,825468.5231975839,595255.9786243226,975352.1765095929,710200.0256660092,1054009.814829065,441704.8679106899,399341.65272983984,757051.4566309215,930079.3992036378,694267.512355288,646214.4166900023,493193.4280725971,684391.2992886453,347026.49657194765,650972.783610805,495712.1212921871,544762.3713923347,496192.6742264541,568227.1866700853,1686875.4238410732,546096.0330793477,1099844.897228241,580689.1852884812,714576.4990706034,843933.0602198257,448146.35232031066,0.0,1700574.829491781,541291.8154350757,567124.7480017073,712986.6197881977,688208.9379040351,804332.6135623248,652031.870855252,739597.5156569957,622293.9195862354,477783.170344038,578760.5876379282,767998.7091258683,844314.7117449748,573916.3014630269,592059.3659203441,727401.0513513162,611764.9525904537,549413.7790854904,590956.5672830788,613340.0697916287,546465.1617870987,677931.9818079097,529224.475434574,525415.2703043565,616288.9550292136,551209.7287893239,518605.33600802836,542838.4648972473,574157.3740656824,652693.740679348,572097.1890780447
ERR10083252,1304482.0430584701,1612125.890754503,1153505.5457131534,1466242.6344282178,978550.8494283779,1369215.7463938983,788154.6493341265,1613801.258442625,1453169.2829942422,1411660.0936025642,1354052.234115804,1940201.2931623873,1953507.2966459582,1798918.7268753971,1958817.3773644648,1546161.8348614094,1861821.9481048665,1498988.8395858724,1532409.2516739776,1579610.0977902743,1463127.1067374838,384940.88628775196,1476689.1773687515,1812263.320664522,1457904.3936328609,1437810.307022105,1348860.9929547966,1707211.5808548746,1700574.829491781,0.0,1717875.2950164923,1827153.262573504,1662222.1156367762,1614021.6439694976,1460338.9266499062,1535759.0990145558,1587037.4634138288,1840765.3575154548,1613483.506550036,1644562.1905504211,1778320.4578579194,1467142.3379890583,1741866.8715731406,1619610.0899386248,1583207.4517756668,1615445.070487697,1702117.6565390537,1762122.683563775,1511904.619134752,1518278.9053312966,1606581.4338741128,1748312.3055873055,1560021.3585050686,1799088.5368180189,1782420.2394140952,1652066.9074099269,1634140.013960554,1747055.9322480205,1654427.4304021315,1493002.7594220983
ERR10083540,1484776.8026865183,524590.965096617,854335.8242921808,793437.7437146534,969129.4148342625,798443.4473943661,1042280.7295239609,351082.7088977753,613213.814356787,779646.8313396778,1026739.7135710686,603020.893046833,512569.15743634047,306644.7963116283,572837.9676950542,642142.0031550654,667748.2141533588,648148.1788210162,406287.21558769234,492703.29947038105,586878.6461288228,1727264.7773552265,749231.2534511625,1118264.0334527441,467152.5176941681,741337.7881391181,856871.6836067113,381229.8942436178,541291.8154350757,1717875.2950164923,0.0,738546.1550566762,824514.962907284,877512.0276657181,952455.5335578665,854628.4910076425,893412.5892536998,822625.7360410019,617041.6791457445,855422.768834218,671962.6663022285,1002544.1931456189,101573.22818538357,861541.2182252222,960447.7982899435,884358.4606023736,98296.12127647764,702174.3727422698,737800.1811025802,434616.15449497505,900403.7517874967,186764.57686617126,741808.6565078625,206469.38774549606,742695.0414773213,170023.68130645802,271124.8135545694,782624.7279501205,782596.9147300543,448143.2718919252
ERR10083542,1340035.8058578137,774835.3659416947,828121.8809462772,912399.9538426118,987351.9488774,1020699.5458801772,1204782.1974705635,569602.8325210471,623348.8022471849,677094.2944088364,1184581.2127199215,751354.9015345544,538901.4512710093,610624.213923752,594851.3871245489,718335.168340657,377596.37135438685,853505.6287277782,841335.067642494,578135.6435854825,947325.0148935159,1796945.3804951892,739266.7372964916,1133196.2959377337,814335.3151687577,739525.82367893,798422.098087221,648433.3565540873,567124.7480017073,1827153.262573504,738546.1550566762,0.0,469716.7486315556,403558.6433506288,758704.7563367452,532436.763992683,456721.73993800645,421264.2742792225,292997.1311975597,573731.3255862887,486296.5986915804,743660.2956155451,786342.9050986599,598039.5540664514,795258.6906478923,577514.3097240102,777863.642089666,430097.0581868702,556068.8731623089,636526.2452711592,801363.7715220223,641268.9840223056,446125.9240337867,838543.1639104811,274203.64402757306,734308.1081753081,691992.7670026617,322954.0255825897,375006.1914528879,699548.1705651155
ERR10083541,1144247.3936426512,846343.0004076362,828092.588229722,751078.891196524,897952.0332473222,838268.5963967635,1126515.2353905383,665166.4810609446,561419.3161283284,631410.2782121939,962205.0527138173,1016747.7719183848,782404.4618641946,818449.8774897581,898923.6472687767,703471.7263259413,713951.9289440991,753294.2186363838,866971.2288259629,653417.3875043425,860681.390178735,1624904.36046864,589364.0701043796,1335506.8625649214,753550.3057925197,508840.959215156,859277.8580779327,857735.0095087643,712986.6197881977,1662222.1156367762,824514.962907284,469716.7486315556,0.0,276589.7390685345,424168.3640053794,323983.812867248,270153.2515980513,659836.9699668244,454667.2228201633,515843.42146818154,575998.5684409294,435081.45972449804,897777.2520419528,480966.7932123797,571358.4970366679,424304.1165213932,828191.6225463767,507580.60551010026,273173.9024961938,641280.2846462692,658289.3965202539,771807.1725424686,380361.90458299057,972292.2613545785,512363.17494234495,808445.0681530564,712567.316866975,508163.3486183355,151588.3561920242,682336.7488095596
ERR10083471,1036982.8311519916,838544.3930568018,784872.4693190608,759330.6971399221,877371.8194693741,857238.2310717365,1105129.9684485078,669412.6571069597,530295.8174943491,651281.8559748152,959816.4830674664,1025578.4269362339,832586.4196856684,836576.3812665285,916003.0440402477,676079.960263577,664567.4028682117,764955.4684457128,873735.2919746346,637909.3240367317,882280.9379613729,1550614.3978926546,576617.1167993541,1332481.5335155681,760584.5667629603,577093.8305362483,842690.5815914879,835548.5964879601,688208.9379040351,1614021.6439694976,877512.0276657181,403558.6433506288,276589.7390685345,0.0,434134.48213312885,236516.83461436737,127943.99758097291,628885.6535945147,343556.082669191,487269.6925173984,592381.1010033997,383815.3132119666,943537.2752043238,486893.19091870653,586611.9250185764,425132.4194330515,892215.9990820609,565150.3842235268,330761.68025180907,632115.1823979551,669605.8379860498,813689.2909753697,341390.0064852514,1024524.6964285439,465552.06240226235,845074.645210114,764858.7180447119,467538.09083431907,202169.01826194834,674145.9322728277
ERR10083524,836283.5438970445,868133.707348125,894049.7302454713,539994.4700216845,915193.8386156235,603556.9201707491,1070325.6626111513,749282.575913787,502911.31315272674,814209.8724413749,624638.4860245164,1258843.7632986868,1062383.7848461356,1000934.1975184982,1174209.151349963,636480.8874294655,978729.0952485269,610726.7824010996,830281.0086609232,694964.4670355456,730668.7579683423,1357462.0199110545,401815.11625497614,1581151.0825765512,671831.757757104,528532.1276497769,1028868.8459264378,977591.8358568673,804332.6135623248,1460338.9266499062,952455.5335578665,758704.7563367452,424168.3640053794,434134.48213312885,0.0,278620.5091105104,382625.87706008594,927745.0398466164,612765.5542391397,573142.8074773337,804492.8118168614,156094.82889256775,1022536.5077947095,550738.2307920888,459460.8950813986,470762.5876638882,934084.8743722382,791744.24452155,268072.31493013224,649115.1338807315,619621.2125113213,931190.4273428717,491836.9785294717,1125467.5744431734,775036.2710828442,891462.9315725921,793371.6648003003,778083.8906917429,454742.58513141255,652863.2727401657
ERR10083523,967584.4217638066,773933.3305220805,807631.1287072831,600113.0030810864,880849.1348891704,692489.4503795707,1061747.2917851028,629125.7388892939,423295.9666214645,712318.499469163,780164.0325213666,1071809.8169269583,900063.0708283726,851291.1740556224,990362.282417399,570913.0392502872,775042.2591878459,627494.904641464,774393.9410313074,578503.7386249115,747390.0624921367,1460193.1855134785,413520.61219242745,1412208.9138119756,652766.5610047745,543542.3250318231,907707.8049157669,819902.3320207109,652031.870855252,1535759.0990145558,854628.4910076425,532436.763992683,323983.812867248,236516.83461436737,278620.5091105104,0.0,225196.55629915837,734987.3924490134,394518.75637921196,477855.6079068237,697884.1462535168,261547.03615219958,923061.0283594471,463800.55768940167,502327.5061730146,378972.6724250708,855299.2901096083,636020.6712049538,220709.3964447368,594776.503902096,599646.3164357804,819844.1268570508,335763.5500556902,1011284.7231418064,582365.0122861092,812164.8781528292,738177.9627847204,567974.7068954743,295436.02262926573,616920.846491671
