,ERR10082910,ERR10083185,ERR10082717,ERR10083228,ERR10083008,ERR10082679,ERR10083238,ERR10083036,ERR10083253,ERR10082874,ERR10083247,ERR10083101,ERR10083080,ERR10083202,ERR10083000,ERR10083215,ERR10083027,ERR10083186,ERR10082834,ERR10083108,ERR10083006,ERR10082766,ERR10083774,ERR10082806,ERR10082884,ERR10082990,ERR10082872,ERR10083218,ERR10083258,ERR10083252,ERR10083540,ERR10083542,ERR10083541,ERR10083471,ERR10083524,ERR10083523,ERR10083484,ERR10083459,ERR10083457,ERR10083439,ERR10083544,ERR10083494,ERR10083490,ERR10083473,ERR10083498,ERR10083519,ERR10083478,ERR10083419,ERR10083495,ERR10083511,ERR10083493,ERR10083564,ERR10083559,ERR10083500,ERR10083552,ERR10083455,ERR10083510,ERR10083491,ERR10083366,ERR10083530
ERR10082910,0.0,6183710.248971891,6686125.189170855,3072588.4185235417,5981360.526545779,2894226.657491082,5310644.320704033,6556266.507506235,5012036.166948718,7037325.433859443,1082214.810547333,10523038.316839486,9070275.899343526,8362137.577454284,10233815.41359199,4869157.229572485,8923649.69355308,3917733.6828758535,5604081.540657755,6187799.0896477075,4167329.2431150675,269345.73013879394,4017191.9823282035,12154121.47292547,4690115.152732713,4672644.847243154,8324651.519203672,7873315.984548379,6990331.25381523,1825392.2732826497,7700910.091250904,8124941.284260521,6044598.001062188,5893008.293931462,3650053.4166476247,4951687.516109736,5572277.045847685,9161745.809690695,7026503.728107529,5862491.4848611085,7388106.145252652,3561183.007959574,8032354.7724136915,5821605.298758239,4025868.182291243,5483638.654271906,7312274.528856873,8189000.9826418385,5180991.327463307,5956536.9037044505,4778328.494679494,7957190.744066023,6119628.508879032,8748426.698214142,8158997.748378718,7172252.899008233,6610745.484627888,8299141.287091816,6151966.324655313,5625973.731791591
ERR10083185,6183710.248971891,0.0,524290.4536657138,3157672.0035090726,902895.6920132026,3660685.402560018,1192807.8765509557,434290.84560464777,1178243.6373288846,1216971.0904639435,5429851.696942008,4340678.142397568,2894656.0203637322,2178702.22832332,4050245.872436512,1347310.2371918652,2750469.9990892466,2323414.623389463,680914.4126312792,68662.37293452652,2308780.986786317,5933658.774386003,2186530.817963927,5982767.989305619,1796648.9080198724,2273857.809286236,2169675.9834823264,1698682.1400453353,935028.0627328786,4445736.315478011,1851047.1686464394,1942952.9887274678,1645401.8038840848,791305.8320554702,3174050.8614552794,1523680.0450202792,1083814.324875345,2980511.0588120623,894861.1659386052,322863.4334219346,1620203.2675858915,3067965.2325937464,2096658.288088214,622816.6966564079,2378565.235532757,851131.853807035,1670117.3809229697,2115438.102932109,1804212.817261312,1156529.004836887,1610151.4006931148,2021261.068276436,353834.01687373134,2708728.8183784657,1975962.6236740917,1389462.5042065727,1340129.0935697202,2117648.0046693315,906862.5234824736,1364301.3815330542
ERR10082717,6686125.189170855,524290.4536657138,0.0,3642224.8287578295,1042293.7730587284,4103845.1580469017,1546324.4547484205,151363.07432461856,1674098.8098332188,821229.2331925356,5909270.35124346,3849259.5450487616,2384545.367651662,1681707.9548613664,3555002.5782395713,1869476.6882528919,2278471.699706845,2799281.9484262387,1105994.053181119,504494.08134684793,2727743.5894242334,6438454.9094481515,2675417.010076186,5501878.257122471,2192960.8815412098,2595646.692121445,1649749.3318152912,1238113.7492686203,718520.966392074,4931330.554873097,1380421.5377315003,1461556.3228264588,1684785.4711416524,1006207.021641173,3568426.7105047847,1909410.6566645112,1364755.7094930946,2494792.171871637,373200.962520195,831224.6067628171,1192138.5923360588,3485266.303115588,1596473.2326556558,944994.3038944732,2814886.126409024,1255883.8777092411,1281205.1062292876,1593004.3077029013,2071717.1106656913,1264377.0229840465,2027266.5848617444,1522795.715578751,605143.4591516296,2187078.8652119976,1477627.197506191,982904.972255711,1169021.9094272784,1614662.0633225394,956344.8256701137,1565903.0125911376
ERR10083228,3072588.4185235417,3157672.0035090726,3642224.8287578295,0.0,2910138.7689746,787655.8590990104,2239228.185171176,3506467.777805038,1980042.970789523,3964893.4036276434,2272861.85383472,7491255.446826053,6018660.801178365,5323903.142203096,7197199.958520119,1923416.0395008149,5907966.505714551,847890.4359202314,2545080.1390109505,3153846.173715199,1149468.8990020566,2838684.5738871726,971626.2930432667,9139479.198039733,1634379.4580702488,1759443.4458058036,5265718.42678708,4856345.720785949,4021292.736393236,1289155.4627293793,4630592.348730451,5097474.226987518,3036852.767371181,2820432.911866545,1101959.6048639896,1884991.0966887882,2502485.5436949083,6134315.243572342,3970640.859999554,2834898.303186906,4319019.852391165,866910.6181268055,4960440.586557811,2754094.6791352327,990867.3515713392,2416875.0124013447,4249000.056435867,5118522.7931539,2182833.132253815,2896555.7462479468,1707579.2224997936,4885116.695251507,3061033.2343014507,5675908.780016906,5119844.637071129,4101053.87699223,3554257.081026779,5256217.375638968,3081010.123318974,2579142.838318576
ERR10083008,5981360.526545779,902895.6920132026,1042293.7730587284,2910138.7689746,0.0,3240323.410995267,670910.8176277977,895803.4932461472,1178491.3980483692,1059447.1538689411,5117987.030120338,4711628.169582145,3204646.67183451,2578140.916248955,4409176.349569724,1543472.1087036203,3213771.951344712,2072895.4608247855,615874.9552051942,838774.4006972315,1854481.2307365097,5748818.997655779,2008443.896023486,6379349.41149362,1309267.0429461668,1594830.63550836,2438688.139088719,2221786.734816148,1724754.4984310085,4173907.7348317127,1720635.8140669977,2404268.843743769,748793.5013293051,161730.15735168254,2628074.7894413127,1034008.0793615687,411544.8012027366,3395779.92283437,1226931.79037182,833361.8999792347,1410610.6808754853,2583375.7387766885,2051214.800102856,390152.8578006318,1974754.514296144,610233.9163345479,1355081.8662195285,2235307.7023356315,1045696.1223845099,253747.16109741997,1203032.2139801576,1976333.610368958,551283.6411367564,2773577.7431170014,2379883.858859713,1190959.9328289763,715699.8371775699,2495297.560093385,171156.88663036612,525215.6421632927
ERR10082679,2894226.657491082,3660685.402560018,4103845.1580469017,787655.8590990104,3240323.410995267,0.0,2592395.3216178278,3958752.948630667,2518242.9315000568,4293689.599526379,1915802.92473417,7930882.347677842,6432962.307404576,5770659.357301989,7631083.735067058,2556341.2252768604,6381637.287562025,1384184.537489131,3000534.6099422015,3644631.6501178825,1388855.8346531147,2704300.891339571,1569015.2478704597,9593902.676955191,1935622.9889275958,1794190.7475405172,5668826.435572005,5340081.434812114,4569013.053814795,1103880.1489310332,4925401.960365266,5563755.486586825,3185600.4689365868,3184206.1557733663,759576.6686286513,2218726.7621618034,2831415.3866794254,6590111.024513093,4399417.140715006,3344932.774576643,4608645.334100249,679864.9485890561,5267814.068952035,3170163.2775505427,1289082.0162848444,2848139.5653929953,4511273.047118408,5475151.581847301,2330578.680680401,3167071.8721438893,2079660.8817751994,5195575.201328338,3501759.824631181,6001561.674236632,5567314.26790378,4409646.242523316,3801498.498742305,5695394.639882648,3404551.9753214223,2816854.325385855
ERR10083238,5310644.320704033,1192807.8765509557,1546324.4547484205,2239228.185171176,670910.8176277977,2592395.3216178278,0.0,1396071.5810480493,685281.8687635037,1727842.6935566212,4454699.651317696,5339969.3549579475,3840567.8661742196,3185185.107004772,5039545.818089662,1087539.6198336869,3806593.5614346853,1403419.7486404416,531417.5244729891,1153844.887083615,1203696.8262050042,5077908.268246877,1348667.0444687228,7004745.261967633,657805.1083603714,1081331.0340399928,3076588.7026214604,2780605.759279262,2124430.2279463075,3505171.853674795,2391471.642727967,2989100.0643319055,1027625.4707377587,592961.7019951626,2023135.4703748832,373670.4717327822,267972.3196320844,4005534.2620310965,1813839.8716934745,940240.8183125214,2080713.7637286873,1951128.6480706495,2721727.444481721,602608.3161490555,1313359.1316502125,361325.86428458174,2018181.0540734446,2895159.056188278,661949.3979119553,694067.4232126155,532495.1580925408,2646649.7936674585,944012.8974590336,3441477.5384029457,2982916.3486743974,1861844.6357916119,1343330.6181048655,3107568.806013151,841832.7037440396,493835.9855306213
ERR10083036,6556266.507506235,434290.84560464777,151363.07432461856,3506467.777805038,895803.4932461472,3958752.948630667,1396071.5810480493,0.0,1545954.7615379954,813017.0518513126,5771002.685566521,3987148.521674105,2514460.305096901,1819698.4896199151,3691607.6000004387,1760204.831440364,2422884.5006186324,2661800.8622532226,964798.510853432,398850.87895227206,2580503.5723676104,6309899.144430123,2542103.584207772,5642511.102625497,2044242.73095956,2444302.483301934,1771408.9879200682,1386200.974184119,844156.030540563,4795228.18562704,1421805.5311588852,1605102.4081014271,1555798.0214079847,855433.1495032209,3418668.7066448834,1760320.1122276029,1213428.9230494713,2635504.3652168363,475691.525433237,717708.9297263898,1205544.2784369225,3337343.0977476677,1662387.8733271004,795587.8534480024,2669671.4599210517,1110716.5207076916,1274276.395900434,1690219.4274901114,1921346.5668166168,1122952.8896178147,1880754.7665152946,1587044.376143906,457423.9844181763,2281498.7864932125,1615559.4338572011,982587.5406761476,1079532.4435958376,1750095.5465802432,817962.6883672628,1417987.5251231936
ERR10083253,5012036.166948718,1178243.6373288846,1674098.8098332188,1980042.970789523,1178491.3980483692,2518242.9315000568,685281.8687635037,1545954.7615379954,0.0,2126608.888705443,4252753.491338288,5517109.949429864,4058480.7294821544,3352017.7852596487,5225243.267057047,402272.29685873224,3928671.367265529,1153076.9412116436,626023.6079581983,1177427.4772490235,1242365.8844317966,4764552.416805801,1008533.705981114,7160999.730756733,854179.3847225534,1462897.3902943432,3317114.718433778,2876762.4286139794,2055415.1454779154,3267597.249973442,2810073.191747859,3120393.1276211017,1702957.8699336634,1034075.9455305978,2122287.7758223554,698855.1518540877,887246.255447156,4157882.2943403535,2019214.2456700825,855382.5327518677,2520261.6422415352,1975213.398630639,3111861.816592922,876423.237905066,1270525.4327202584,569288.543778109,2497853.466810453,3210623.0279409946,1249025.2347378735,1304260.1171334651,642486.6276398288,3034836.646280653,1123722.0586697585,3790299.6098298086,3148432.3562282547,2285253.2652312303,1894078.860293309,3287594.5980722746,1333683.0964606998,1175997.2279665458
ERR10082874,7037325.433859443,1216971.0904639435,821229.2331925356,3964893.4036276434,1059447.1538689411,4293689.599526379,1727842.6935566212,813017.0518513126,2126608.888705443,0.0,6177038.711907916,3701959.1952144746,2192164.6383365006,1643034.9686558712,3397670.407715263,2423931.6307967515,2289651.8012669524,3122864.5898509594,1500736.6120788818,1163289.7320839723,2911426.7417129013,6802742.452787184,3044526.513601253,5368588.293419882,2367697.4607757637,2593111.513826006,1433858.795190447,1434186.2715261222,1425803.7331109075,5232780.10527148,683475.9200798519,1533658.6527972906,1336880.346717686,1145981.8473649572,3658487.3599959314,2093449.546403734,1470945.967804392,2432586.3522156826,604277.0337022581,1426950.366363876,408104.2552841124,3630123.424751423,997271.3640248575,1252535.4257700657,3033959.014917637,1582541.021939084,461964.9109900015,1185199.3658967253,2025229.8376789237,1139022.719353745,2260274.831278046,921256.6850585128,1041318.1864406287,1714152.652878092,1464340.3278923926,172667.57732996662,627190.7865370791,1550892.691627954,891207.1604469973,1498189.8173155496
ERR10083247,1082214.810547333,5429851.696942008,5909270.35124346,2272861.85383472,5117987.030120338,1915802.92473417,4454699.651317696,5771002.685566521,4252753.491338288,6177038.711907916,0.0,9758091.858788786,8276906.750559656,7590470.61985889,9462447.893654421,4177974.2311653863,8179559.324370598,3110096.7550023263,4806671.838791681,5424792.598075709,3268082.9961630413,991676.2822131021,3244476.557124431,11409872.022887724,3809455.1382612446,3709633.232540921,7518746.013346907,7128339.031966774,6290749.704037667,993414.2438962711,6822497.935978142,7367535.090979411,5101188.819783188,5046612.415595733,2649594.6212039683,4084758.083694186,4706476.654782535,8403497.324255241,6229786.459058207,5107208.051161515,6506449.183414868,2595566.8790990533,7161734.160896577,5003744.380520052,3143252.086585007,4669926.115656756,6415911.992188562,7349854.048057349,4244228.02381988,5064390.1906275945,3925967.6386157335,7088292.5373436725,5320811.7305028755,7890457.218355474,7386319.333297539,6300831.044960656,5707312.525487982,7520859.191812595,5285860.92778622,4720001.955290803
ERR10083101,10523038.316839486,4340678.142397568,3849259.5450487616,7491255.446826053,4711628.169582145,7930882.347677842,5339969.3549579475,3987148.521674105,5517109.949429864,3701959.1952144746,9758091.858788786,0.0,1510384.593572114,2167658.5390261537,304494.8076486691,5661271.208219051,1609896.5582303728,6648404.464292166,4951770.466609392,4339744.5782618355,6543242.1692413315,10271319.65131414,6522962.676549514,1668130.1797797438,5997759.276718682,6289715.646763373,2274805.4052520622,2651866.619321002,3568178.109952753,8780408.285579892,3197753.170054562,2398160.1641385425,5009530.475989242,4751058.457151311,7339672.355886263,5713384.276663438,5111012.36003798,1361553.7050608764,3533207.310083149,4662891.734242283,3489093.273576962,7288591.548457356,2863795.85092391,4763420.643973614,6644659.990588307,5092474.494034997,3643946.8503320683,2540530.0812344262,5723611.794379665,4833770.127488998,5852865.505477637,2916934.2409499055,4439075.694947429,2179520.633820657,2371801.916779097,3627646.274309004,4293403.95284208,2238104.0058370833,4557434.7771729,5192621.448301137
ERR10083080,9070275.899343526,2894656.0203637322,2384545.367651662,6018660.801178365,3204646.67183451,6432962.307404576,3840567.8661742196,2514460.305096901,4058480.7294821544,2192164.6383365006,8276906.750559656,1510384.593572114,0.0,738501.6786257158,1206503.6256824925,4236894.2207104955,570128.7488295955,5172141.9134784,3473614.1086057615,2885559.0149246645,5044211.563764747,8822978.031121464,5056403.463563603,3178167.800408279,4497743.416666295,4779499.3114885995,765964.6358050742,1281013.8424501899,2229381.0229088254,7306370.391680126,1721654.5678718481,1006986.4504753775,3507159.2629370284,3249329.7228980935,5831977.459905088,4214237.727706518,3606744.9586907304,420383.48203158507,2048145.9023040815,3212347.6306628147,1997276.6438378035,5785308.773887873,1408409.070202617,3273694.2937168092,5150126.372475242,3606999.1907314034,2160970.928588582,1048059.6919913484,4213249.201578516,3323469.52739227,4359063.9135862645,1450160.5572715043,2957853.6119174324,860962.7359938408,930041.2227729479,2122560.1374491137,2789366.0451543466,782558.4492956421,3048795.993136471,3682408.737217665
ERR10083202,8362137.577454284,2178702.22832332,1681707.9548613664,5323903.142203096,2578140.916248955,5770659.357301989,3185185.107004772,1819698.4896199151,3352017.7852596487,1643034.9686558712,7590470.61985889,2167658.5390261537,738501.6786257158,0.0,1873552.0682665855,3512954.559754652,646881.4713013505,4480747.838365489,2784464.461906454,2174805.8414180335,4385607.825829505,8112357.982744906,4356373.950410708,3824210.8177082757,3842308.6377471033,4171332.9454025845,371021.3611222405,545879.9860811898,1492003.167883031,6613025.77686319,1365409.5756618232,272811.0800865683,2979556.5761774015,2602399.7470496343,5199175.072736828,3557332.4729617275,2966331.9051006413,820361.6183440081,1371796.1044535737,2499649.5377720455,1563122.3619080498,5136311.274563585,1158866.60570145,2600601.483201338,4482562.341523205,2926948.7207154827,1745241.9393952233,763548.3064875463,3612950.650630728,2727238.1576287025,3691093.3705129973,1161329.3374943216,2272867.857959631,1046229.6592264052,204152.32021703795,1619271.1944936833,2268361.50355295,96090.53483564341,2433973.235388179,3080418.214582234
ERR10083000,10233815.41359199,4050245.872436512,3555002.5782395713,7197199.958520119,4409176.349569724,7631083.735067058,5039545.818089662,3691607.6000004387,5225243.267057047,3397670.407715263,9462447.893654421,304494.8076486691,1206503.6256824925,1873552.0682665855,0.0,5376058.61520473,1337451.3419010802,6353370.30420713,4655781.109641861,4047853.598752307,6243051.872125123,9983010.93529347,6229925.71179344,1971665.6050966147,5697269.129407527,5985999.139605435,1971519.7281602332,2367935.204676429,3293621.706487404,8486263.749500189,2894904.7416557595,2109922.706486662,4705175.9251420135,4449988.725901449,7037095.503366286,5413073.115221149,4809348.050208884,1078235.7870568014,3235076.503073768,4371962.861026383,3185232.7495467267,6987346.220737956,2562215.1211496666,4465008.412760383,6345566.4694474675,4795054.552270287,3340785.2323599015,2236337.2832401646,5419722.62891128,4529972.024604567,5553825.4014933705,2614553.8595747077,4142236.196941454,1885393.234053045,2077484.1071497996,3323160.3011929775,3988957.1463450193,1941590.299429053,4254444.42429702,4888906.475121405
ERR10083215,4869157.229572485,1347310.2371918652,1869476.6882528919,1923416.0395008149,1543472.1087036203,2556341.2252768604,1087539.6198336869,1760204.831440364,402272.29685873224,2423931.6307967515,4177974.2311653863,5661271.208219051,4236894.2207104955,3512954.559754652,5376058.61520473,0.0,4056956.962671406,1175377.9231421696,947438.2319523527,1365899.1488792282,1423505.538710686,4614156.043162173,987703.3992246863,7285329.714684573,1155776.3760161393,1771613.367428119,3516969.3079789593,3009404.592643701,2123807.6476103007,3184800.3672208404,3103170.1332153864,3266626.38666025,2102832.4950563703,1390302.3437083748,2272755.120338529,1061822.7314222464,1283092.121916817,4299960.589638119,2234342.9980352167,1042503.2871339064,2826892.9465520973,2092319.904921329,3387859.5707108346,1203532.2542915083,1405713.5878993985,936884.5690761482,2821705.379575444,3449552.1025647665,1628528.454736975,1690562.188994241,960243.1275151101,3310939.458450426,1387969.448752025,4038722.5806583944,3312291.6205987963,2589288.194568152,2253822.5455101826,3456585.7541883723,1688334.2834358958,1577879.109876609
ERR10083027,8923649.69355308,2750469.9990892466,2278471.699706845,5907966.505714551,3213771.951344712,6381637.287562025,3806593.5614346853,2422884.5006186324,3928671.367265529,2289651.8012669524,8179559.324370598,1609896.5582303728,570128.7488295955,646881.4713013505,1337451.3419010802,4056956.962671406,0.0,5070677.403374228,3384150.4559462187,2754834.473195259,5001561.500000975,8670211.640214672,4936992.166203224,3232873.697987288,4461503.610025773,4808467.165151281,922545.3305556318,1052083.9468241115,1958416.9480414533,7196204.881867247,1967358.6384286927,818169.1988219796,3626334.1532524275,3230382.4628432156,5826494.453966381,4176588.128529913,3595564.080280172,279709.75271699054,1995122.894883671,3073326.579478497,2191580.325575588,5756135.5561565785,1711848.0218398478,3214222.4189685443,5092555.530810146,3533554.144713931,2370865.060168756,1310824.0954639947,4252864.545620986,3369613.4641488185,4303132.605899567,1731608.3552870725,2879980.5646123723,1343708.4183021255,836118.8049487943,2261711.3208369454,2914372.951167712,738895.7008956,3073307.8886458804,3720942.156232612
ERR10083186,3917733.6828758535,2323414.623389463,2799281.9484262387,847890.4359202314,2072895.4608247855,1384184.537489131,1403419.7486404416,2661800.8622532226,1153076.9412116436,3122864.5898509594,3110096.7550023263,6648404.464292166,5172141.9134784,4480747.838365489,6353370.30420713,1175377.9231421696,5070677.403374228,0.0,1698704.8924769128,2316025.717499916,536596.6554442918,3680529.4085329627,204801.19187641464,8299936.633788478,847371.7139726816,1182306.492919666,4418216.989764083,4020341.112853112,3207787.3856416983,2134231.2983601377,3792915.7958175135,4257661.796767446,2272408.355429323,1977091.0678936872,1164484.3974278916,1064858.5793827272,1669819.9267744413,5293408.482548177,3123996.240429396,2001698.4249494227,3483492.023218655,950917.6110010793,4119604.372630095,1906236.7366625795,398175.65385769133,1568986.9219228693,3420747.103646366,4271616.977114521,1457233.0925181461,2077611.7000683742,878102.9457016984,4043911.273553118,2214288.4088937016,4831407.589782713,4276609.439059522,3262265.4109474295,2735714.860291547,4411896.394154786,2244050.4488056856,1780673.7369493044
ERR10082834,5604081.540657755,680914.4126312792,1105994.053181119,2545080.1390109505,615874.9552051942,3000534.6099422015,531417.5244729891,964798.510853432,626023.6079581983,1500736.6120788818,4806671.838791681,4951770.466609392,3473614.1086057615,2784464.461906454,4655781.109641861,947438.2319523527,3384150.4559462187,1698704.8924769128,0.0,652773.1586408865,1634138.5242019724,5360824.277374609,1586905.090520854,6607108.200333411,1115952.5558096096,1607470.1396060209,2721733.3235563324,2339733.484653327,1615552.053196987,3832889.8292548144,2184163.79739547,2567544.583068033,1287672.3803087492,455502.29407984327,2494323.9751668186,843306.0569449267,514291.0931000069,3600000.4067477547,1425562.7241289665,408934.3798704139,1895994.5481643665,2393787.927334625,2486514.231333897,256429.42127025907,1712711.332329532,173168.45286021355,1879735.7816086812,2595161.329936927,1181404.9306571393,810531.5149320229,933066.8026057942,2409518.82075509,516114.5393437391,3170316.7644771715,2580334.544033002,1660280.8142242082,1311796.8120120584,2714198.8254777873,746444.4909636617,846119.3069975416
ERR10083108,6187799.0896477075,68662.37293452652,504494.08134684793,3153846.173715199,838774.4006972315,3644631.6501178825,1153844.887083615,398850.87895227206,1177427.4772490235,1163289.7320839723,5424792.598075709,4339744.5782618355,2885559.0149246645,2174805.8414180335,4047853.598752307,1365899.1488792282,2754834.473195259,2316025.717499916,652773.1586408865,0.0,2285844.817265818,5938895.259845639,2183837.938859246,5985640.533457134,1767937.7143417695,2233404.1276958813,2154164.2269448726,1704362.7829455794,970589.881940359,4442665.542786335,1805192.6016480902,1943769.3501462564,1579379.4562789525,731453.9278136388,3146903.8428935194,1492076.228045337,1033556.055987289,2980998.0082599856,869101.8834728182,327098.23021532845,1568321.0210173808,3045459.920397082,2057511.2570141628,572795.6564473931,2359817.643436882,819768.2118867503,1613610.8320316891,2087821.3188244822,1755586.5081063365,1092145.6980787865,1585441.6050479438,1981703.205395046,288116.32720135804,2679826.71668095,1971384.4502602734,1335945.954693153,1272498.5291578926,2111414.7461190564,839178.2139712637,1307348.0813585953
ERR10083006,4167329.2431150675,2308780.986786317,2727743.5894242334,1149468.8990020566,1854481.2307365097,1388855.8346531147,1203696.8262050042,2580503.5723676104,1242365.8844317966,2911426.7417129013,3268082.9961630413,6543242.1692413315,5044211.563764747,4385607.825829505,6243051.872125123,1423505.538710686,5001561.500000975,536596.6554442918,1634138.5242019724,2285844.817265818,0.0,3947097.5595404278,681940.6370792108,8207323.508565871,546861.4162701552,657720.6615653791,4279974.788104481,3965838.2168773604,3235439.405202947,2344518.174191448,3554612.325070063,4183396.274749142,1892022.3127249319,1795358.6200213593,881282.3344904855,830047.6935170654,1444177.5965874142,5205660.125908049,3013830.971922115,2003771.7681754576,3238786.1555888494,759660.8280607866,3893677.4165419764,1787349.7775477525,165768.56357283186,1473920.3539530213,3152172.6330987965,4089734.3394632614,1033876.8304454839,1797619.497909666,701602.2984968051,3820327.2673434666,2123125.016380571,4623435.503652668,4182698.0521411058,3032933.823816471,2446392.039459334,4309225.405220062,2020543.2735541696,1459530.071846757
ERR10082766,269345.73013879394,5933658.774386003,6438454.9094481515,2838684.5738871726,5748818.997655779,2704300.891339571,5077908.268246877,6309899.144430123,4764552.416805801,6802742.452787184,991676.2822131021,10271319.65131414,8822978.031121464,8112357.982744906,9983010.93529347,4614156.043162173,8670211.640214672,3680529.4085329627,5360824.277374609,5938895.259845639,3947097.5595404278,0.0,3774258.5486595905,11899477.128818896,4463950.58512177,4468213.893172528,8079652.306824348,7620621.145912254,6733542.317614555,1616373.3699786074,7469260.176917791,7873539.880696928,5831043.664947211,5657388.826707689,3463319.2025028532,4721948.71931674,5340943.414241064,8909830.345766017,6781259.13168646,5613043.862796104,7157449.922435224,3362170.232088197,7798814.015227251,5581178.71444823,3802427.5106806443,5243128.616414917,7084920.694046829,7949462.901079103,4967287.148184006,5730081.268145244,4546178.250939353,7723371.874069641,5875782.043147704,8511871.777816793,7909486.278785304,6939713.535806792,6385883.076314504,8050267.604398751,5919694.174582417,5403327.221825918
ERR10083774,4017191.9823282035,2186530.817963927,2675417.010076186,971626.2930432667,2008443.896023486,1569015.2478704597,1348667.0444687228,2542103.584207772,1008533.705981114,3044526.513601253,3244476.557124431,6522962.676549514,5056403.463563603,4356373.950410708,6229925.71179344,987703.3992246863,4936992.166203224,204801.19187641464,1586905.090520854,2183837.938859246,681940.6370792108,3774258.5486595905,0.0,8169015.57349097,868176.320700467,1293880.36064004,4307860.999936047,3885184.039919473,3053201.067948195,2259218.6242756587,3721071.0569995837,4127588.6009491063,2274810.49327389,1900505.1134487905,1368331.7096687483,1041143.1571272992,1616567.7364666783,5164820.717661844,3010177.984793756,1863688.890565429,3415735.7818417395,1155698.761741138,4041583.8078739624,1808541.3951026944,569284.3150210623,1470739.409840166,3362954.9602896855,4176769.430244504,1496394.4951756538,2037626.672843924,848195.1566685583,3965297.022729571,2102477.6535699493,4744284.341813421,4152470.7848129408,3189822.149281994,2691566.0335444123,4290072.416642171,2178956.574832321,1763838.1343323428
ERR10082806,12154121.47292547,5982767.989305619,5501878.257122471,9139479.198039733,6379349.41149362,9593902.676955191,7004745.261967633,5642511.102625497,7160999.730756733,5368588.293419882,11409872.022887724,1668130.1797797438,3178167.800408279,3824210.8177082757,1971665.6050966147,7285329.714684573,3232873.697987288,8299936.633788478,6607108.200333411,5985640.533457134,8207323.508565871,11899477.128818896,8169015.57349097,0.0,7662519.779984975,7957664.683640296,3942930.1379446224,4284924.117521453,5170057.02262654,10428163.891347509,4847078.385716699,4042338.805877731,6669280.592476898,6417045.887272196,9007423.727021229,7377868.59838375,6777811.881182968,3007133.339742187,5194544.959005072,6305621.242985103,5144868.263324534,8954531.637524769,4507077.981229635,6424426.299582088,8306396.778529725,6751082.665910187,5294378.241799976,4200397.918465463,7391339.709068851,6501630.915504279,7514731.209839644,4564293.915157743,6096872.249109784,3796536.9630043115,4028033.110212601,5290768.983454863,5955107.363051988,3898517.148529682,6225507.103941091,6860571.678328928
ERR10082884,4690115.152732713,1796648.9080198724,2192960.8815412098,1634379.4580702488,1309267.0429461668,1935622.9889275958,657805.1083603714,2044242.73095956,854179.3847225534,2367697.4607757637,3809455.1382612446,5997759.276718682,4497743.416666295,3842308.6377471033,5697269.129407527,1155776.3760161393,4461503.610025773,847371.7139726816,1115952.5558096096,1767937.7143417695,546861.4162701552,4463950.58512177,868176.320700467,7662519.779984975,0.0,616548.3947728678,3733305.3245220915,3430440.4131461023,2730399.309984714,2873377.4970130534,3016879.9999106694,3643556.470418429,1425195.1782812064,1248615.094947198,1379574.466195283,285026.9482171817,898234.2755807084,4662596.827791355,2470636.7071991786,1505224.08185426,2702058.5901725003,1294665.797633119,3353739.909329285,1248876.1236491792,667523.4048600843,948595.7988880195,2622195.4315332794,3543991.1469203755,629868.4234449287,1266444.4576056227,213185.87944092357,3279848.829543368,1587859.153234946,4081023.2572644083,3639784.1445063744,2492389.5719740526,1922061.3408830115,3765095.9808346187,1476490.3265419656,945196.3745719722
ERR10082990,4672644.847243154,2273857.809286236,2595646.692121445,1759443.4458058036,1594830.63550836,1794190.7475405172,1081331.0340399928,2444302.483301934,1462897.3902943432,2593111.513826006,3709633.232540921,6289715.646763373,4779499.3114885995,4171332.9454025845,5985999.139605435,1771613.367428119,4808467.165151281,1182306.492919666,1607470.1396060209,2233404.1276958813,657720.6615653791,4468213.893172528,1293880.36064004,7957664.683640296,616548.3947728678,0.0,4015221.2628964796,3810445.945752938,3203377.3150813812,2851872.0610048412,3183002.0849836087,3998755.437413621,1395906.6623184374,1593017.828563447,1084873.7406928975,796461.7426122865,1230931.8039781896,4987117.38797083,2819783.7196084736,2015240.5570067808,2867417.6179057,1115583.6604038265,3529859.53494144,1670208.8613853059,820690.6262685105,1434454.9172745026,2753378.0881210268,3775583.1757000135,568332.762787788,1456135.6087250253,822057.5503272262,3460855.8073334983,2007117.5390517118,4268902.7734688455,3974024.680208843,2687381.092000165,2046694.002067725,4087253.9750776435,1737998.6120319543,1097095.6032748467
ERR10082872,8324651.519203672,2169675.9834823264,1649749.3318152912,5265718.42678708,2438688.139088719,5668826.435572005,3076588.7026214604,1771408.9879200682,3317114.718433778,1433858.795190447,7518746.013346907,2274805.4052520622,765964.6358050742,371021.3611222405,1971519.7281602332,3516969.3079789593,922545.3305556318,4418216.989764083,2721733.3235563324,2154164.2269448726,4279974.788104481,8079652.306824348,4307860.999936047,3942930.1379446224,3733305.3245220915,4015221.2628964796,0.0,751205.7441427083,1622155.8560415828,6551790.703935833,1044975.8653375685,536807.9640141343,2760890.9128440768,2484701.528478823,5066065.9952698015,3450205.633255647,2841196.854853426,1012309.287746092,1298411.5447272486,2480970.1596780643,1280735.4178798993,5019767.637917914,802383.1582486014,2515163.707892192,4387555.288882979,2850335.7420144384,1456320.5197871106,400564.97321283596,3449686.356770714,2559621.0299349003,3597207.247919141,814108.6227095252,2205675.7520290692,728812.6737660371,382127.5032826085,1377451.008566185,2042670.2459565029,296447.1425195392,2283018.95596182,2918185.9719553515
ERR10083218,7873315.984548379,1698682.1400453353,1238113.7492686203,4856345.720785949,2221786.734816148,5340081.434812114,2780605.759279262,1386200.974184119,2876762.4286139794,1434186.2715261222,7128339.031966774,2651866.619321002,1281013.8424501899,545879.9860811898,2367935.204676429,3009404.592643701,1052083.9468241115,4020341.112853112,2339733.484653327,1704362.7829455794,3965838.2168773604,7620621.145912254,3885184.039919473,4284924.117521453,3430440.4131461023,3810445.945752938,751205.7441427083,0.0,948808.8643815465,6144353.913460471,1402215.6489017657,274115.90659792075,2726042.556799508,2219043.488994301,4803739.71198482,3146421.362339126,2583982.8615627466,1290694.0967401997,997019.3703123325,2021499.4783021836,1494779.392587749,4723316.763146952,1325041.4993569069,2181674.638259564,4051573.697412155,2493255.319290425,1675660.8994531084,1012208.9763245533,3267481.6545690047,2403950.0226972275,3265166.408199282,1295242.765554396,1843073.7639741933,1478322.8079526473,386087.9195753216,1468223.8038408859,2048893.9222285277,528163.7881386796,2096639.579128945,2742094.1899376833
ERR10083258,6990331.25381523,935028.0627328786,718520.966392074,4021292.736393236,1724754.4984310085,4569013.053814795,2124430.2279463075,844156.030540563,2055415.1454779154,1425803.7331109075,6290749.704037667,3568178.109952753,2229381.0229088254,1492003.167883031,3293621.706487404,2123807.6476103007,1958416.9480414533,3207787.3856416983,1615552.053196987,970589.881940359,3235439.405202947,6733542.317614555,3053201.067948195,5170057.02262654,2730399.309984714,3203377.3150813812,1622155.8560415828,948808.8643815465,0.0,5299556.5803038655,1799175.5786203858,1222505.6080268098,2399599.0914436104,1657907.864769632,4105691.120537077,2458643.9380074944,1991616.440923553,2216857.4187694164,824368.1612902089,1231700.8919559163,1713566.1622878762,3992798.729281755,1899938.054870474,1536118.9287499846,3296956.3431075336,1786158.2912331705,1848444.4448576213,1738677.9769367874,2713904.9592378875,1961552.6624041987,2540545.4642977756,1839983.5882539821,1209847.740719881,2302918.3261210113,1312816.9110675715,1556082.444091572,1875073.806978808,1461674.797014028,1660568.2532533857,2236002.8965546982
ERR10083252,1825392.2732826497,4445736.315478011,4931330.554873097,1289155.4627293793,4173907.7348317127,1103880.1489310332,3505171.853674795,4795228.18562704,3267597.249973442,5232780.10527148,993414.2438962711,8780408.285579892,7306370.391680126,6613025.77686319,8486263.749500189,3184800.3672208404,7196204.881867247,2134231.2983601377,3832889.8292548144,4442665.542786335,2344518.174191448,1616373.3699786074,2259218.6242756587,10428163.891347509,2873377.4970130534,2851872.0610048412,6551790.703935833,6144353.913460471,5299556.5803038655,0.0,5889453.436145158,6386397.211297854,4219271.827143281,4093362.2417989103,1861722.4514338865,3140613.139761884,3763040.7851461032,7423361.235747119,5258224.544421529,4122884.546402555,5575142.842170772,1747447.2577940656,6224322.751671301,4037724.4295967002,2206674.2651839214,3701569.873659688,5494374.082643536,6396266.008390599,3355620.5696785804,4138486.940122078,2973123.401867134,6149820.05401215,4348517.154099889,6946642.334602379,6408957.0923413895,5363043.037142626,4790331.514974721,6545147.878345912,4343623.115525218,3804008.2210690607
ERR10083540,7700910.091250904,1851047.1686464394,1380421.5377315003,4630592.348730451,1720635.8140669977,4925401.960365266,2391471.642727967,1421805.5311588852,2810073.191747859,683475.9200798519,6822497.935978142,3197753.170054562,1721654.5678718481,1365409.5756618232,2894904.7416557595,3103170.1332153864,1967358.6384286927,3792915.7958175135,2184163.79739547,1805192.6016480902,3554612.325070063,7469260.176917791,3721071.0569995837,4847078.385716699,3016879.9999106694,3183002.0849836087,1044975.8653375685,1402215.6489017657,1799175.5786203858,5889453.436145158,0.0,1373582.3423388202,1833030.4092668511,1820567.8526089052,4263353.888921843,2749708.7103380607,2128648.1074346225,2041335.3859434759,1042824.8602392445,2091022.1431780679,316848.81260626495,4253772.807902415,347669.5898593951,1935776.4276899335,3684373.9326616945,2264306.246161283,447333.23522962164,677124.2440180384,2617167.164412698,1758894.297972735,2923106.416918139,283459.3081837321,1716315.7309787148,1086770.0999788318,1247721.2520338828,531262.1855637761,1136831.6513230973,1270341.7754391925,1549639.3060402798,2109363.226451291
ERR10083542,8124941.284260521,1942952.9887274678,1461556.3228264588,5097474.226987518,2404268.843743769,5563755.486586825,2989100.0643319055,1605102.4081014271,3120393.1276211017,1533658.6527972906,7367535.090979411,2398160.1641385425,1006986.4504753775,272811.0800865683,2109922.706486662,3266626.38666025,818169.1988219796,4257661.796767446,2567544.583068033,1943769.3501462564,4183396.274749142,7873539.880696928,4127588.6009491063,4042338.805877731,3643556.470418429,3998755.437413621,536807.9640141343,274115.90659792075,1222505.6080268098,6386397.211297854,1373582.3423388202,0.0,2857817.831742954,2415367.7185211363,5010054.7233787775,3358685.727588397,2780836.3494639522,1037563.1679478604,1180311.1551281721,2265469.7671419056,1521639.0303015364,4938142.275277718,1230319.8517605087,2396063.8084710934,4274681.38834089,2715818.0179746947,1705748.8917287914,868613.5043769467,3447227.1946248338,2570157.2027500574,3485030.411620105,1215663.1612239468,2062006.5187889198,1260942.6395744574,156883.48114444682,1537724.7725600963,2159851.580851101,269615.61988319596,2268807.2301938743,2917039.228203831
ERR10083541,6044598.001062188,1645401.8038840848,1684785.4711416524,3036852.767371181,748793.5013293051,3185600.4689365868,1027625.4707377587,1555798.0214079847,1702957.8699336634,1336880.346717686,5101188.819783188,5009530.475989242,3507159.2629370284,2979556.5761774015,4705175.9251420135,2102832.4950563703,3626334.1532524275,2272408.355429323,1287672.3803087492,1579379.4562789525,1892022.3127249319,5831043.664947211,2274810.49327389,6669280.592476898,1425195.1782812064,1395906.6623184374,2760890.9128440768,2726042.556799508,2399599.0914436104,4219271.827143281,1833030.4092668511,2857817.831742954,0.0,889467.8703191027,2478416.324465686,1239128.9194954655,823884.138169925,3766688.405713698,1753261.69082998,1575028.8305329524,1526407.3782096966,2505736.065769298,2179874.6867762837,1115403.1920955759,2046470.9716485108,1206631.8207804733,1389591.471393661,2469394.883087353,863792.6179268957,498863.5393732438,1431450.227665985,2116038.0278447266,1291582.3701011098,2916332.906296022,2798077.187382078,1385099.2122692873,718395.2030219857,2887701.456619261,750632.853690804,536289.8823919765
ERR10083471,5893008.293931462,791305.8320554702,1006207.021641173,2820432.911866545,161730.15735168254,3184206.1557733663,592961.7019951626,855433.1495032209,1034075.9455305978,1145981.8473649572,5046612.415595733,4751058.457151311,3249329.7228980935,2602399.7470496343,4449988.725901449,1390302.3437083748,3230382.4628432156,1977091.0678936872,455502.29407984327,731453.9278136388,1795358.6200213593,5657388.826707689,1900505.1134487905,6417045.887272196,1248615.094947198,1593017.828563447,2484701.528478823,2219043.488994301,1657907.864769632,4093362.2417989103,1820567.8526089052,2415367.7185211363,889467.8703191027,0.0,2596997.1315201716,966037.6158845989,365537.8988203549,3422445.7378710913,1235362.4316879641,685566.6924289715,1516540.3509887233,2537563.4817188317,2143120.233030802,231014.00674634427,1906254.6152101508,465112.75876931177,1475271.9395108144,2303802.050359362,1066330.253019673,390989.781464938,1121165.4977464299,2067217.2617083576,453471.32362917945,2855525.3038096162,2401420.970694226,1289327.2230605388,863755.4705592318,2522766.312612605,299768.772866688,580231.820742365
ERR10083524,3650053.4166476247,3174050.8614552794,3568426.7105047847,1101959.6048639896,2628074.7894413127,759576.6686286513,2023135.4703748832,3418668.7066448834,2122287.7758223554,3658487.3599959314,2649594.6212039683,7339672.355886263,5831977.459905088,5199175.072736828,7037095.503366286,2272755.120338529,5826494.453966381,1164484.3974278916,2494323.9751668186,3146903.8428935194,881282.3344904855,3463319.2025028532,1368331.7096687483,9007423.727021229,1379574.466195283,1084873.7406928975,5066065.9952698015,4803739.71198482,4105691.120537077,1861722.4514338865,4263353.888921843,5010054.7233787775,2478416.324465686,2596997.1315201716,0.0,1660186.0679923801,2232876.1611988246,6018940.018652122,3831504.1261324515,2875686.721408297,3947079.5143291703,248126.38288783398,4609453.6316125365,2623448.026217596,867424.3475819663,2328066.5206789086,3836675.7521302216,4843580.398428006,1646426.9909598178,2519849.6511692917,1565209.5317295382,4539520.98268716,2964123.450259452,5347804.912868176,4998407.459251996,3760943.4126486136,3128552.7976693953,5118767.092648873,2783394.6765649314,2161553.102778185
