,ERR10082910,ERR10083185,ERR10082717,ERR10083228,ERR10083008,ERR10082679,ERR10083238,ERR10083036,ERR10083253,ERR10082874,ERR10083247,ERR10083101,ERR10083080,ERR10083202,ERR10083000,ERR10083215,ERR10083027,ERR10083186,ERR10082834,ERR10083108,ERR10083006,ERR10082766,ERR10083774,ERR10082806,ERR10082884,ERR10082990,ERR10082872,ERR10083218,ERR10083258,ERR10083252,ERR10083540,ERR10083542,ERR10083541,ERR10083471,ERR10083524,ERR10083523,ERR10083484,ERR10083459,ERR10083457,ERR10083439,ERR10083544,ERR10083494,ERR10083490,ERR10083473,ERR10083498,ERR10083519,ERR10083478,ERR10083419,ERR10083495,ERR10083511,ERR10083493,ERR10083564,ERR10083559,ERR10083500,ERR10083552,ERR10083455,ERR10083510,ERR10083491,ERR10083366,ERR10083530
ERR10082910,0.0,4369352.819574199,3881468.443835271,2895476.120209939,3405768.9971238505,2651854.892620635,3168632.3704360216,4186240.7758103213,3343510.7315772143,4109833.154244099,2102466.283895416,6415043.507647473,5692177.28348011,5314076.766774827,6171098.536830942,3703997.502612144,5344767.0491721155,3277444.8249860746,3883939.561310011,3949173.527182365,3401936.363068833,1696011.334503104,2935336.865016688,7225371.163566547,3291357.157028541,2963127.1179530923,4789611.148667186,5042180.796271292,4797112.248694416,2107180.1470206575,4891188.095027526,4901360.969593955,3590640.3224035124,3524242.6501882644,2218768.563544427,3084179.051996495,3279345.454750231,5597266.981271931,4216038.917380626,3834013.111749489,4335491.295024821,2220950.871848362,5089570.657322679,3816630.0049023614,2947208.6372364275,3570540.6137580904,4742283.810102365,5046019.251493101,3083251.1735875495,3613822.087764698,3518132.0908472156,4938550.907892415,3775704.020299393,5535022.67058013,4961316.934624112,4543430.108338633,4172983.0689376155,5016589.4482376175,3720541.695189694,3461664.9203702547
ERR10083185,4369352.819574199,0.0,2061754.542003,1865801.5852386341,2432996.9119953685,2194484.6688543987,2361090.4227458127,952506.254949541,1156362.4999449784,1800483.1472682548,3257869.6068753274,2589347.052481571,2179373.292384763,1631119.3158837277,2577658.319178863,855015.4387284478,2101287.1261241287,1418174.036015679,905835.2615779538,1326906.7061594797,1356690.7393422422,5019638.039297854,1773826.4675370588,3830415.1127440482,1318838.7802381306,1802533.0824686687,2286231.828293885,1292205.8705183165,1028297.0472071774,4551396.291283478,1278271.1585927298,2004595.1233134335,2092155.212102821,2092685.9613542114,2581396.276717699,1981476.4440277861,2250270.303576439,2658969.188889935,1644853.9657358644,1804788.7266824336,2116460.2451865235,2667885.9888599063,1411262.9404427086,1813387.6472591292,2118164.4663203093,1854459.5023636941,1198279.386793414,2258439.3224242264,1865476.256183927,1384973.3427712608,1781900.2509843248,1541685.6487954995,1703031.6642763868,1708698.851836976,2139988.7726656417,1102935.466338353,1272624.7964026947,2213053.554985057,1938501.2563096264,1420991.5333854035
ERR10082717,3881468.443835271,2061754.542003,0.0,2738585.0324598285,674484.5751527606,2848428.618875151,1003101.1694031664,1557533.7095671478,1574037.6377815749,736450.1701507034,3673943.3628846267,2878653.345743631,2605405.176414985,2290971.096579134,2704030.3149095797,2172488.782584619,1886712.9044459837,2559021.099170345,1995197.3097049824,1572267.129706336,2556042.058287187,4075790.4560026145,2227200.9347036923,3533867.1705306075,2019023.3612665308,1842315.5309615126,1037492.4800826269,1970206.40136002,2267073.9962822124,3374755.3323770007,2218675.0304670576,1771896.2943140888,1580280.4200239272,1336958.2500553261,2254305.0420105085,1608192.0695442446,1353793.5802913234,2488639.7418123824,1316578.7179113142,1889458.3948496988,1696068.6031251801,2235748.6189603247,2355648.7809461323,1851606.7768260085,2349408.1051077526,1741683.3662376753,2293897.4971358245,2196279.081632387,1555983.6667407535,1575246.6025873537,2326014.6610819115,2170262.216705161,1378073.3311112293,2616429.981004078,1959193.5030545094,2024173.7827234596,1979639.5307648815,1834608.4786422416,1458609.4317026748,1696652.9438966003
ERR10083228,2895476.120209939,1865801.5852386341,2738585.0324598285,0.0,2680800.3721817858,637414.9524132612,2410398.8605741165,2169234.017812048,1355875.8188079025,2650380.118503382,1536043.9794084674,4355300.919073675,3713232.261846409,3234653.468960779,4254464.881921462,1175713.680397145,3600955.2880017823,646666.9634982137,1676150.5966156502,2163303.9482657076,791580.1952941976,3805553.4296925855,1114743.777726523,5483386.519959631,1183566.2438794882,1369689.6220950936,3425476.7240991434,2953534.049076631,2471804.4193289243,3599057.099449799,2694386.1086438596,3244024.4781525615,2315817.708588912,2370707.715663827,1596523.01796028,1823982.5042176254,2337747.9355253424,3945486.3496994893,2608545.1973454477,2167388.4264683616,2948074.2962252493,1748176.7437870805,2896778.6649355865,2148076.702698253,1371660.4630931811,2006136.1594677465,2491350.233158919,3367377.19468862,1705564.6246551317,1864197.4713988858,1569223.3721809653,2903213.1355549837,2219004.2226230665,3312858.300241047,3313551.6431014016,2383975.424822999,2153498.7501784163,3391125.263585083,2359797.896294723,1675177.1749041951
ERR10083008,3405768.9971238505,2432996.9119953685,674484.5751527606,2680800.3721817858,0.0,2682524.443880055,620032.8052135629,1916451.2376705545,1687366.1433630816,1107024.8246439644,3399767.414243951,3468667.689837699,3095314.4473696044,2788507.9076082967,3261848.0426560338,2377471.088628629,2447767.3108692337,2595492.778821394,2205062.101234113,1835374.2891922616,2583876.6336592003,3545574.303979681,2170604.051945449,4087407.543649275,2034565.4104616544,1697664.3772680748,1548083.4460296382,2487717.9669779693,2711605.3205313636,2824504.7157701827,2586329.3846091996,2224088.399345898,1514228.1812969933,1321165.4113138143,1875024.039897889,1474501.722834531,1195519.674183156,2936166.3985188236,1650497.6170525057,2068444.1862020353,1901079.8118337905,1857184.3494882246,2746594.343781768,1990790.3770490251,2248379.173650432,1818103.1660453156,2612669.8222050564,2543590.916859274,1386230.9840178152,1664329.493168345,2374273.383991616,2544340.007117563,1560673.1166445457,3060998.812591733,2375843.536961557,2350000.0501544676,2190456.803755783,2272881.692582128,1527162.0383007822,1727814.7315843792
ERR10082679,2651854.892620635,2194484.6688543987,2848428.618875151,637414.9524132612,2682524.443880055,0.0,2368678.417327899,2428296.8379436233,1605882.958718972,2809159.63122746,1123972.0043608737,4660683.92890743,4054384.127424904,3559059.921943715,4563592.057489472,1616059.591020393,3897973.5962971835,1072346.0120781912,1922227.4667528295,2443564.464901632,969527.4521260344,3503248.5187327205,1451018.5301049743,5791212.158830222,1279919.139624453,1405752.4439413222,3623285.7649993603,3245487.6292149075,2913483.3344881176,3323722.0951601835,2966602.1610939004,3560594.32045059,2478096.5930984206,2549464.3545321436,1500330.5414357865,1972121.8957640524,2464128.2526112557,4320930.2041108,2864555.964502352,2593779.8453421216,3168215.968259424,1676541.1175226213,3166377.0460707927,2544062.627016678,1740304.0318412757,2377354.1310145613,2752726.205021306,3715382.2196833263,1787669.794153551,2022610.7805482498,2023049.1146002857,3181801.483044629,2536606.018380663,3599522.2715013167,3669125.8454522924,2647830.5529270563,2388846.5908588604,3735677.9455979606,2577436.068633905,1802784.4687565954
ERR10083238,3168632.3704360216,2361090.4227458127,1003101.1694031664,2410398.8605741165,620032.8052135629,2368678.417327899,0.0,1960893.681320841,1616800.8641966395,1492835.2157894052,3057255.8252010904,3712225.6130939834,3325616.326510321,2960260.401306784,3523649.4677941506,2254314.6894557555,2762506.6130811344,2385288.4667953686,2084215.8903861183,1848503.8066103624,2345219.3919011075,3226740.598227877,2032443.5772018372,4393714.449446163,1860337.41994779,1673476.6691567588,1913886.9440601761,2610246.4601573544,2752004.393277925,2519019.2249002387,2694521.3022034173,2556811.1256258255,1806221.2229870958,1646236.781516863,1788056.4251102367,1573178.085059349,1500919.3721489506,3224656.7151931073,1908381.9145440988,2158988.7255745456,2182807.892102051,1821636.0426251453,2854391.548856078,2096902.212847323,2180112.073742999,1903811.654613712,2683483.084710615,2815440.8240092704,1460693.9458832573,1675373.0167968564,2357363.626923093,2679908.9927525525,1724036.5219112963,3198657.5840435,2666315.133757261,2396873.1094079637,2215768.308253595,2578500.2207314237,1831222.2567995398,1665460.7180942455
ERR10083036,4186240.7758103213,952506.254949541,1557533.7095671478,2169234.017812048,1916451.2376705545,2428296.8379436233,1960893.681320841,0.0,1066613.5272379587,1285163.7746555884,3462763.171281282,2342422.74239536,1725780.913652715,1214249.6572752243,2187379.708412328,1239601.5700901642,1562657.6370590585,1676528.2658502958,700862.8745368099,560429.1599809917,1687257.4007456598,4816348.9796724655,1656866.5986424496,3488570.0856743585,1221516.9794513704,1594810.1730964724,1736902.3211125028,915794.8182120272,1092772.6424114944,4284733.5727917785,905618.9775242124,1413372.4223742303,1535284.3937026781,1511749.6822308248,2334834.82537245,1550089.546064033,1662732.8206143042,2195101.044693387,903221.0826187573,1504966.4304322538,1331181.8691497417,2374435.481489653,1070639.8839745324,1481804.0653210531,2008076.8808703516,1507735.9432125376,905684.3724708956,1703320.9513606061,1489681.3118858677,845357.6069883088,1662455.337830764,1021761.1300201237,1154808.8162037905,1441322.9576243486,1601276.4367169712,709020.7654385025,815177.4153244188,1663724.7419997095,1319053.1872415154,990566.506530985
ERR10083253,3343510.7315772143,1156362.4999449784,1574037.6377815749,1355875.8188079025,1687366.1433630816,1605882.958718972,1616800.8641966395,1066613.5272379587,0.0,1445866.3539366284,2578214.831545075,3230095.7760685673,2669280.2498638094,2173021.578730409,3102468.9813258406,739176.1460808918,2359265.301614043,1086847.8929123431,958169.5723362332,1092544.6427473798,1156581.1353493538,4028071.430296265,912538.0375918584,4268567.315660958,824097.4205050032,986258.3447236328,2175894.602730794,1837952.947427926,1621840.8069949406,3580885.131675966,1794091.3063723932,1999888.6824333498,1339641.3629520403,1259989.2851211077,1504347.4091562096,952951.1757073392,1318042.5743324833,2835499.769603764,1340163.435321976,1422791.6646737147,1906027.002140316,1566595.44494678,2002080.6064911573,1363822.6152828673,1377958.7664872268,1242042.0847266004,1696545.0628105933,2304605.7349431813,883871.3709816604,990396.2246454698,1291313.3184750322,1956682.1858168484,1152588.190489127,2388720.8123893426,2177926.2498776214,1534332.0807413238,1390438.4481831621,2223437.403495992,1248566.5123376488,973659.0474647683
ERR10082874,4109833.154244099,1800483.1472682548,736450.1701507034,2650380.118503382,1107024.8246439644,2809159.63122746,1492835.2157894052,1285163.7746555884,1445866.3539366284,0.0,3730706.2823842084,2552363.9783886625,2185400.0642584874,1901511.6484807555,2383156.235830752,1973795.3590529591,1558712.9169766959,2388454.0933059608,1811159.8220634754,1416482.81487987,2390327.732881414,4516799.539498183,2113016.706238737,3350610.004853892,1875659.9676532524,1625462.7690996185,979985.1367959618,1671161.966190291,1936701.5488794344,3855861.582477514,1747381.6866154342,1373799.3518585602,1174865.561379684,1078812.3525850081,2221542.2288313587,1455448.4215237584,1205378.7431546154,2178485.391071742,969287.0412318531,1631555.3911623717,1317821.2759467803,2213386.1046527782,1906173.7091068064,1552907.4811961593,2157460.624925748,1504985.309812026,1827972.4292015457,1776498.3217422413,1349123.242738409,1317353.926337945,2026339.0754271606,1731413.9283802125,1122598.3029770711,2164752.781292127,1590898.11536,1625808.9063484676,1607067.3043765156,1500038.0602661388,1061961.741220935,1489572.5171914257
ERR10083247,2102466.283895416,3257869.6068753274,3673943.3628846267,1536043.9794084674,3399767.414243951,1123972.0043608737,3057255.8252010904,3462763.171281282,2578214.831545075,3730706.2823842084,0.0,5721913.4854668155,5110713.913024089,4618064.042254828,5622108.961172844,2620518.779152708,4904371.134962056,2080215.537140082,2966109.122974406,3431541.3995403,2053676.3710533848,3020774.2164941756,2295762.238775392,6822431.654663167,2301858.278120093,2275573.978582107,4557819.622355628,4293830.507774614,3957375.738853843,3122189.37223433,4050765.5473075705,4540765.590476566,3335571.835235002,3364475.940643208,1993778.0389356283,2762707.231007477,3222006.1707082437,5325125.335040482,3830435.5877684457,3495856.864198533,4120998.594040648,2111468.067082948,4252633.597253472,3459703.8212453965,2489162.8392879404,3256372.2933582086,3834623.7815590203,4724056.330332017,2643507.7351980642,3023530.537861161,2907606.153211263,4254330.441262644,3460685.5711971293,4690989.227718286,4661722.031933157,3728953.565776195,3445200.065146725,4720415.7996915905,3456302.50608913,2798171.329913699
ERR10083101,6415043.507647473,2589347.052481571,2878653.345743631,4355300.919073675,3468667.689837699,4660683.92890743,3712225.6130939834,2342422.74239536,3230095.7760685673,2552363.9783886625,5721913.4854668155,0.0,1210026.3961158039,1326006.438548471,582978.8243058233,3249640.978694877,1203579.3499931777,3857435.3387176823,2916610.15551976,2604628.733339936,3840456.315200578,6861537.253628592,3841522.268107267,1495174.0390506384,3516389.2291060444,3757632.0305209504,2118232.6536155087,1503042.3114094294,2114494.488830841,6193471.470733518,1971107.977885788,1782975.264947049,3211204.7308040014,3162203.431336131,4491891.613810044,3545586.861397137,3409042.090884916,1773830.396073142,2306976.3097270853,3069014.11981747,2520056.551453955,4496591.87756483,1839912.3003197734,3069123.586321509,4036551.7502166377,3235356.9431442954,2239699.4768747436,2038052.2957340914,3540489.152370192,3004489.7873985195,3549212.703065428,1894631.1898965982,2835820.4398447024,1472785.0708131175,1926443.165216145,2271850.413791366,2670786.398283472,1869945.4329864816,2958469.4603596977,3213114.407865988
ERR10083080,5692177.28348011,2179373.292384763,2605405.176414985,3713232.261846409,3095314.4473696044,4054384.127424904,3325616.326510321,1725780.913652715,2669280.2498638094,2185400.0642584874,5110713.913024089,1210026.3961158039,0.0,635107.8957948799,853321.2692696697,2680131.9869752685,988328.9279430204,3154892.6683167843,2251914.259787437,1862341.5844326196,3217842.720830681,6345053.415460898,3089639.107063639,2285117.0647330084,2866500.990668589,3089125.0998527077,1984480.2255774685,1143424.0610385982,1514072.5873672636,5750848.992676733,1235548.8481334925,1260403.5694641618,2527584.0511795054,2558336.7480628896,3816257.612652217,2906222.1362440623,2793555.563921362,1256239.621484691,1702054.5214407793,2256350.024879119,1628629.1889675194,3833298.0344373174,1108615.3018270135,2275741.16192154,3217853.0508993105,2471817.2325778864,1496162.5529166274,1196688.6689277207,2903645.7218868835,2251315.0591316624,2709544.1555656553,1003036.3954652892,2125661.477868007,873899.4478182258,1210418.2042389316,1509495.6742478595,1826265.1903765236,1339740.2681154285,2277039.337386159,2471075.26903148
ERR10083202,5314076.766774827,1631119.3158837277,2290971.096579134,3234653.468960779,2788507.9076082967,3559059.921943715,2960260.401306784,1214249.6572752243,2173021.578730409,1901511.6484807555,4618064.042254828,1326006.438548471,635107.8957948799,0.0,1139771.3877006213,2160886.490661414,951843.1674735077,2677821.802816237,1727815.330998368,1438829.3514694506,2709844.8163701184,5955008.588500355,2663441.9354091426,2570410.868028495,2373609.543658139,2692669.2223117566,1860062.0957884712,543044.1528798556,1081339.9575008778,5382348.578075745,834951.2226872897,1133855.034244237,2260072.9128791397,2258113.9955276838,3426405.396792534,2523316.264637075,2492025.891758551,1540084.6847764573,1368669.819183575,2051613.3855000557,1575431.1712245636,3449366.550736816,742731.644457135,2055322.931762549,2913400.0718852533,2218782.0973822554,1089760.4274981727,1324915.244730394,2517592.810399847,1872509.1750183762,2411532.984627621,765593.621254122,1846630.2437702573,633290.5106299951,1265142.0376376717,1113247.4246653346,1485583.1861225409,1373377.1692484915,1995015.809087487,2074804.9218222902
ERR10083000,6171098.536830942,2577658.319178863,2704030.3149095797,4254464.881921462,3261848.0426560338,4563592.057489472,3523649.4677941506,2187379.708412328,3102468.9813258406,2383156.235830752,5622108.961172844,582978.8243058233,853321.2692696697,1139771.3877006213,0.0,3178285.66430395,939278.706601507,3736390.6186758634,2780572.3551423727,2361544.7150454298,3752288.2066489775,6653302.8707054965,3649688.238588195,1505978.7241757435,3389288.6152914152,3595775.5005139015,1888327.2474356769,1421368.7554769171,2006965.378756445,5993431.635837436,1827217.2418943513,1506143.994285407,2977000.951127997,2936386.72490069,4298715.251609253,3355842.165013873,3173659.866886179,1337945.5468134717,2068847.709415316,2784285.2581971553,2124503.7683466226,4307044.863749971,1688098.0337684776,2797964.5392963793,3808321.4472961705,2976898.397128293,2110771.733786958,1635387.8761822835,3354027.586552025,2771570.1680785567,3336068.559020033,1632292.0207652797,2576298.9982457394,1368949.0465641883,1537387.494792058,2085342.2193628077,2434120.2633655965,1537848.893526279,2720263.1663885023,3001456.747726843
ERR10083215,3703997.502612144,855015.4387284478,2172488.782584619,1175713.680397145,2377471.088628629,1616059.591020393,2254314.6894557555,1239601.5700901642,739176.1460808918,1973795.3590529591,2620518.779152708,3249640.978694877,2680131.9869752685,2160886.490661414,3178285.66430395,0.0,2562647.5803849814,775260.614235626,920269.7579253596,1346289.9538899485,923064.7854181201,4490574.3680055,1059975.1123592479,4402828.897038585,994851.0919288374,1422511.245797375,2620180.3553053364,1863930.2841490612,1366005.9841161019,4117581.8107135408,1764004.9507039373,2249394.3956234087,1866304.4562334947,1851077.4583779578,1988932.148768781,1533321.0790232422,1957090.5017540706,2974959.4483279935,1735557.242758936,1574598.8302859876,2271193.93614482,2072606.3612570043,1955333.5056948725,1564102.717635258,1511813.0092594123,1523597.8756689706,1623343.3205874844,2474170.4371611103,1494151.4692259282,1367499.928356488,1264058.2469008302,2000413.4974739598,1544147.2257158642,2312533.431029052,2376479.4736460485,1538697.4135836454,1484767.5893664302,2455642.162861275,1754035.9647441667,1320441.515033892
ERR10083027,5344767.0491721155,2101287.1261241287,1886712.9044459837,3600955.2880017823,2447767.3108692337,3897973.5962971835,2762506.6130811344,1562657.6370590585,2359265.301614043,1558712.9169766959,4904371.134962056,1203579.3499931777,988328.9279430204,951843.1674735077,939278.706601507,2562647.5803849814,0.0,3139694.508769603,2239131.092081256,1715775.072959157,3187878.145278768,5828374.330201261,2945189.533447041,2054808.3919468015,2744926.1484817765,2843323.9458550974,1190982.7693182635,1031353.379520812,1627935.4818106275,5182116.203623767,1523839.2242054278,739440.8077182379,2187899.720806692,2078514.9404144296,3493123.509117735,2534643.7463639737,2314722.001918805,1199740.3220934938,1268265.9540798215,2122009.880998908,1520111.1538700056,3474539.5453107166,1505016.6351545753,2123759.371922582,3103295.876212096,2252691.7877437207,1782409.5051146355,1247394.217574781,2563860.643414731,2121723.1051416676,2695652.947656467,1363106.9723829455,1805893.4604552395,1425492.9407113877,995403.1937461322,1692117.7026359602,1960266.7719756921,939816.3294500686,1899577.0209278169,2358536.8967052433
ERR10083186,3277444.8249860746,1418174.036015679,2559021.099170345,646666.9634982137,2595492.778821394,1072346.0120781912,2385288.4667953686,1676528.2658502958,1086847.8929123431,2388454.0933059608,2080215.537140082,3857435.3387176823,3154892.6683167843,2677821.802816237,3736390.6186758634,775260.614235626,3139694.508769603,0.0,1129987.2234370618,1684180.2676786117,460634.0965039388,4213827.131969108,918253.1333374257,5029079.030691703,833823.0705017701,1280070.4382427554,3113697.3510614354,2435694.518926994,1953591.2182030303,3940994.3656260152,2130042.0374553646,2800727.8500241684,2063445.3050047148,2144859.634205931,1751372.176423104,1677454.2003870031,2164505.1001568465,3479980.6945000426,2199071.5965702436,1843753.8794456813,2501478.9677536767,1893380.514872803,2320100.1285918676,1831659.9398051484,1317581.6523916079,1750050.3608993657,1919184.1328301462,2891076.2449079407,1558431.000097534,1441582.8770396796,1283254.0027434162,2339117.64104865,1893129.2005093049,2738100.9730048305,2859297.9713023966,1827589.8902002056,1612906.8449547854,2974082.4624524117,2054855.953549786,1282837.041739129
ERR10082834,3883939.561310011,905835.2615779538,1995197.3097049824,1676150.5966156502,2205062.101234113,1922227.4667528295,2084215.8903861183,700862.8745368099,958169.5723362332,1811159.8220634754,2966109.122974406,2916610.15551976,2251914.259787437,1727815.330998368,2780572.3551423727,920269.7579253596,2239131.092081256,1129987.2234370618,0.0,826461.2909428971,1110888.2407492665,4610987.111093893,1331414.29831777,4107772.018235433,766714.277662807,1456109.085037244,2358158.541281735,1447687.0368812452,1330272.1320169794,4172161.110693713,1242859.371975768,2033090.9064176152,1784538.6945025877,1816130.4795016793,2143834.058939264,1595907.899246382,1901244.432553584,2747109.674677733,1452217.8118942764,1683556.85729351,1788080.9307436282,2230116.4873833386,1403859.753172303,1662393.3269771026,1825603.7966283923,1650268.573808215,1088688.0203290565,2201621.321065455,1500516.1792756517,876702.8820410025,1537441.3089266205,1432491.7891248104,1476313.1712465347,1820452.668741761,2157966.2081156415,952267.2050895168,884667.0029954774,2256721.593007432,1653858.5408202237,850984.7151453426
ERR10083108,3949173.527182365,1326906.7061594797,1572267.129706336,2163303.9482657076,1835374.2891922616,2443564.464901632,1848503.8066103624,560429.1599809917,1092544.6427473798,1416482.81487987,3431541.3995403,2604628.733339936,1862341.5844326196,1438829.3514694506,2361544.7150454298,1346289.9538899485,1715775.072959157,1684180.2676786117,826461.2909428971,0.0,1786140.5306274195,4591461.704486383,1429165.3281191788,3598081.7952516032,1302235.1051784006,1628216.535925428,1778039.0152218258,1229874.4297467934,1220103.5840312904,4071429.2383157047,1218944.0175319784,1420360.0765091223,1406202.5338214976,1353629.97521036,2171949.091836869,1372600.9869565153,1472588.7781478576,2108668.341997622,822081.8809972642,1248591.6618963142,1216416.0772457754,2209904.1459592767,1370722.5903901928,1220705.0858151612,1796260.6784097345,1232634.6639406178,1222862.9400537903,1574881.5934745697,1398406.93270843,853866.7287803174,1462542.3338334518,1204250.1004288935,890601.9627021939,1727731.9595805362,1506107.4148048006,993509.0263092731,929515.4029277837,1580399.328239227,1180024.3247573331,998840.5265166207
ERR10083006,3401936.363068833,1356690.7393422422,2556042.058287187,791580.1952941976,2583876.6336592003,969527.4521260344,2345219.3919011075,1687257.4007456598,1156581.1353493538,2390327.732881414,2053676.3710533848,3840456.315200578,3217842.720830681,2709844.8163701184,3752288.2066489775,923064.7854181201,3187878.145278768,460634.0965039388,1110888.2407492665,1786140.5306274195,0.0,4247765.116957504,1215580.732375271,5047794.991153365,741725.7596342465,1301730.900912704,3126940.590478655,2426741.1643933104,2073939.9527729822,3948199.2445987323,2108583.3316933434,2906024.7904057875,2169032.431500737,2268459.274848019,1844979.3342915794,1809353.329941391,2281756.6423080703,3618061.4004586767,2284471.122441691,2115161.4254985363,2591022.3750288226,2005647.9471028808,2288735.6534195906,2079377.7224301987,1638081.7450936325,2000865.2778130765,1885489.1087797352,3030100.1703285323,1617481.591972842,1453202.929970209,1612710.1692483372,2352770.956095174,2073291.3061706983,2707281.2010347205,3000900.4874597224,1808690.0532014875,1622068.5537713873,3102549.947152342,2185198.3674364667,1275861.543651191
ERR10082766,1696011.334503104,5019638.039297854,4075790.4560026145,3805553.4296925855,3545574.303979681,3503248.5187327205,3226740.598227877,4816348.9796724655,4028071.430296265,4516799.539498183,3020774.2164941756,6861537.253628592,6345053.415460898,5955008.588500355,6653302.8707054965,4490574.3680055,5828374.330201261,4213827.131969108,4610987.111093893,4591461.704486383,4247765.116957504,0.0,3842897.9441654445,7487151.517602939,4063012.20704467,3764427.0370559716,5022538.1432156395,5604568.046532043,5502911.816420194,929600.0728297088,5601016.991232753,5474592.673855654,4278117.439204889,4135235.2559223277,3046476.135093134,3774569.480445551,3870570.6154439296,6137628.618571834,4789367.874385825,4584323.851213394,4996634.804749193,3037058.3849427393,5789439.120975624,4550582.483855885,3896261.9725734564,4285497.909663823,5496936.0476432685,5684169.761425674,3771279.595550826,4330447.513371684,4434380.735318969,5627862.941410353,4400564.850530668,6202387.796094904,5558697.9490786325,5250327.57482626,4935481.0764156515,5519674.320705525,4403501.383332359,4192457.7718823836
ERR10083774,2935336.865016688,1773826.4675370588,2227200.9347036923,1114743.777726523,2170604.051945449,1451018.5301049743,2032443.5772018372,1656866.5986424496,912538.0375918584,2113016.706238737,2295762.238775392,3841522.268107267,3089639.107063639,2663441.9354091426,3649688.238588195,1059975.1123592479,2945189.533447041,918253.1333374257,1331414.29831777,1429165.3281191788,1215580.732375271,3842897.9441654445,0.0,4830714.876379996,1098569.085087961,1186283.7770790765,2793943.654457083,2442398.889567591,1988086.0134732602,3520787.840985878,2226640.50583362,2451472.8761724043,1508499.3360522238,1525876.125354873,1228768.5237663765,1015222.2536952192,1511008.6451456854,3150563.391953731,1799391.7954553422,1401698.462151186,2195447.8663575687,1330369.2410883529,2438240.049016093,1329712.540685016,859917.8686240914,1177633.0038072134,2084105.5033071144,2540072.507733785,1070441.7946245372,1353870.8083107488,897033.2050648961,2349838.4620520193,1368593.1073270098,2843163.0775862997,2509179.391500735,1956147.6542710164,1690687.7534967833,2594307.0930356337,1505666.795653341,1267247.0271671582
ERR10082806,7225371.163566547,3830415.1127440482,3533867.1705306075,5483386.519959631,4087407.543649275,5791212.158830222,4393714.449446163,3488570.0856743585,4268567.315660958,3350610.004853892,6822431.654663167,1495174.0390506384,2285117.0647330084,2570410.868028495,1505978.7241757435,4402828.897038585,2054808.3919468015,5029079.030691703,4107772.018235433,3598081.7952516032,5047794.991153365,7487151.517602939,4830714.876379996,0.0,4682755.038542802,4808960.447677648,2567660.1420963015,2734057.031524763,3242044.9421713757,6746568.11776721,3244872.8448036294,2527718.789563032,4025427.6555239446,3918694.5060265926,5387768.140527393,4417020.912083958,4148779.3264520587,2062923.610953154,3169560.6067953645,3862208.5403167964,3324767.249509505,5374091.433237901,3131481.6691143187,3860368.883446244,4956288.191290333,4027355.5842245915,3530359.675733621,2662450.49919806,4462633.8794615455,4062634.09910233,4510688.22108578,3060640.591061943,3636776.7785191326,2797451.154987876,2543370.850004969,3488880.5442581438,3816035.3236440304,2404875.3203935544,3782943.0075299838,4296436.919878494
ERR10082884,3291357.157028541,1318838.7802381306,2019023.3612665308,1183566.2438794882,2034565.4104616544,1279919.139624453,1860337.41994779,1221516.9794513704,824097.4205050032,1875659.9676532524,2301858.278120093,3516389.2291060444,2866500.990668589,2373609.543658139,3389288.6152914152,994851.0919288374,2744926.1484817765,833823.0705017701,766714.277662807,1302235.1051784006,741725.7596342465,4063012.20704467,1098569.085087961,4682755.038542802,0.0,871508.7378598106,2637201.349483198,2082812.7214980228,1949729.2351880556,3672871.3005283754,1798902.1522528678,2477349.300970697,1690562.191083487,1760611.415996443,1569432.1216765,1349750.0234565658,1749940.2834639815,3277079.1920602103,1782774.5939947092,1866274.54184158,2063076.8239096187,1674584.6430410736,1996354.2247900297,1815248.6912393023,1546073.7874124895,1701847.5778491446,1605430.2985536307,2669692.909698417,1158109.051568979,910556.3987743977,1508874.9882067766,1996874.689462511,1643137.3961668573,2441092.3307120115,2625574.7261422593,1486272.873069747,1256142.8836143601,2697420.391779153,1682022.9469742677,708174.398305248
ERR10082990,2963127.1179530923,1802533.0824686687,1842315.5309615126,1369689.6220950936,1697664.3772680748,1405752.4439413222,1673476.6691567588,1594810.1730964724,986258.3447236328,1625462.7690996185,2275573.978582107,3757632.0305209504,3089125.0998527077,2692669.2223117566,3595775.5005139015,1422511.245797375,2843323.9458550974,1280070.4382427554,1456109.085037244,1628216.535925428,1301730.900912704,3764427.0370559716,1186283.7770790765,4808960.447677648,871508.7378598106,0.0,2534078.3262085645,2458449.665535579,2314845.9098577164,3345833.8673563874,2133850.50632747,2493424.0001921053,1274060.7302569998,1407936.622330352,1057810.298051593,1024072.2592888648,1331649.5845957375,3311030.077048833,1805855.8440282547,1746420.3013261154,1974209.1006519548,1142953.7919273027,2358671.3268353012,1662725.4756850272,1231568.8096984269,1486720.0247380137,1980684.350566743,2673116.690927278,712938.0144584801,1033378.0228430446,1420447.9739342798,2270610.845053375,1516766.4892401863,2796032.2744033197,2623984.3157364717,1844658.5612641163,1542230.8743450185,2672348.106587164,1396078.586166266,895899.9586488438
ERR10082872,4789611.148667186,2286231.828293885,1037492.4800826269,3425476.7240991434,1548083.4460296382,3623285.7649993603,1913886.9440601761,1736902.3211125028,2175894.602730794,979985.1367959618,4557819.622355628,2118232.6536155087,1984480.2255774685,1860062.0957884712,1888327.2474356769,2620180.3553053364,1190982.7693182635,3113697.3510614354,2358158.541281735,1778039.0152218258,3126940.590478655,5022538.1432156395,2793943.654457083,2567660.1420963015,2637201.349483198,2534078.3262085645,0.0,1700436.005632085,2132462.276867987,4290341.37902883,2043306.9292786142,1262276.126407372,1887828.5555507948,1730183.5670983007,3033656.702787578,2207470.5646343282,1873528.6383666517,1692151.4324244151,1286933.6712391202,2009350.0001179485,1521164.5849673862,3025341.2472240217,2106566.0598839526,1974881.3154855662,2852772.154948937,2005138.5684558062,2231724.1804815396,1617279.6348739448,2182970.7371927826,1979562.2729378836,2644452.8246557927,1882516.3679665576,1577482.99268233,2204009.979236256,1367125.7240703944,1999022.2778200847,2096329.115006754,1173797.881666175,1708788.0900152598,2190674.974080135
ERR10083218,5042180.796271292,1292205.8705183165,1970206.40136002,2953534.049076631,2487717.9669779693,3245487.6292149075,2610246.4601573544,915794.8182120272,1837952.947427926,1671161.966190291,4293830.507774614,1503042.3114094294,1143424.0610385982,543044.1528798556,1421368.7554769171,1863930.2841490612,1031353.379520812,2435694.518926994,1447687.0368812452,1229874.4297467934,2426741.1643933104,5604568.046532043,2442398.889567591,2734057.031524763,2082812.7214980228,2458449.665535579,1700436.005632085,0.0,999744.4505957509,5028674.123545987,899567.172962642,1188307.954253442,2143750.17578285,2081463.1672150723,3177186.478302462,2290817.875789998,2300336.8016897,1808484.200986561,1211974.9602731073,2010254.9334867953,1664185.7538529164,3201366.783020184,885788.6747486672,2003779.1655868667,2784657.58371761,2118257.1608732967,1100280.10064983,1577549.8889436112,2279989.9205514044,1686968.007471096,2334469.480201444,962938.2671916201,1716723.7912791912,933200.2606627368,1436977.2277078715,1059192.6552176427,1428490.7850920844,1482367.737808672,1874299.2592022226,1869050.960572504
ERR10083258,4797112.248694416,1028297.0472071774,2267073.9962822124,2471804.4193289243,2711605.3205313636,2913483.3344881176,2752004.393277925,1092772.6424114944,1621840.8069949406,1936701.5488794344,3957375.738853843,2114494.488830841,1514072.5873672636,1081339.9575008778,2006965.378756445,1366005.9841161019,1627935.4818106275,1953591.2182030303,1330272.1320169794,1220103.5840312904,2073939.9527729822,5502911.816420194,1988086.0134732602,3242044.9421713757,1949729.2351880556,2314845.9098577164,2132462.276867987,999744.4505957509,0.0,5008432.999764497,1110473.2565059818,1451038.9719890365,2096079.974776726,2081185.0991134834,2969019.7016421095,2154053.0153689347,2309362.1980960458,1863345.0464884383,1406212.0564466796,1474662.9361291346,1861737.6317510477,3023913.1177231264,1188744.3109508452,1509199.6071722917,2237597.02013544,1674638.7429036747,1180780.18072925,1544900.5007051425,2173998.748797018,1683057.4171934836,1705153.8401695609,1215344.178865806,1500152.823354674,1334636.0605663254,1455860.3523422156,1124109.2747468993,1377604.2402192294,1573810.5726856075,1853834.6795475048,1821923.1113814875
ERR10083252,2107180.1470206575,4551396.291283478,3374755.3323770007,3599057.099449799,2824504.7157701827,3323722.0951601835,2519019.2249002387,4284733.5727917785,3580885.131675966,3855861.582477514,3122189.37223433,6193471.470733518,5750848.992676733,5382348.578075745,5993431.635837436,4117581.8107135408,5182116.203623767,3940994.3656260152,4172161.110693713,4071429.2383157047,3948199.2445987323,929600.0728297088,3520787.840985878,6746568.11776721,3672871.3005283754,3345833.8673563874,4290341.37902883,5028674.123545987,5008432.999764497,0.0,5059152.437856661,4865649.663849525,3729594.78817686,3576421.431504123,2705460.110455706,3288047.422695725,3313263.713219791,5509261.408400676,4197888.625407778,4107464.0400890913,4417785.350181695,2691379.0609518383,5242839.425542994,4053735.713154596,3565790.446651766,3791136.3079021573,4985016.538277381,5083980.396358645,3274027.573049592,3835353.2095224294,4052177.47043426,5068130.527892805,3846538.41937644,5630727.7676025145,4956762.536355358,4727890.905047408,4442424.8713498805,4876468.8922384195,3856469.281325731,3722682.044354312
ERR10083540,4891188.095027526,1278271.1585927298,2218675.0304670576,2694386.1086438596,2586329.3846091996,2966602.1610939004,2694521.3022034173,905618.9775242124,1794091.3063723932,1747381.6866154342,4050765.5473075705,1971107.977885788,1235548.8481334925,834951.2226872897,1827217.2418943513,1764004.9507039373,1523839.2242054278,2130042.0374553646,1242859.371975768,1218944.0175319784,2108583.3316933434,5601016.991232753,2226640.50583362,3244872.8448036294,1798902.1522528678,2133850.50632747,2043306.9292786142,899567.172962642,1110473.2565059818,5059152.437856661,0.0,1477581.7538613558,1909868.0774249828,2040651.2107763542,2933550.0816508997,2159466.0431854445,2234831.757190684,2027501.7857309028,1321712.0356828866,1854465.5403878498,1414437.4766432766,2993619.8834245806,254973.3598182367,1814443.142605466,2451558.7778378883,1946656.880123716,288086.72690702014,1521553.2396337632,2056175.3564898106,1341256.729081722,1981273.0719544946,441523.3115929441,1651987.7960457215,676961.0757960904,1573184.5441508126,466538.3197476923,850550.8030429458,1692496.6181342874,1746962.2029030852,1498790.3944558091
ERR10083542,4901360.969593955,2004595.1233134335,1771896.2943140888,3244024.4781525615,2224088.399345898,3560594.32045059,2556811.1256258255,1413372.4223742303,1999888.6824333498,1373799.3518585602,4540765.590476566,1782975.264947049,1260403.5694641618,1133855.034244237,1506143.994285407,2249394.3956234087,739440.8077182379,2800727.8500241684,2033090.9064176152,1420360.0765091223,2906024.7904057875,5474592.673855654,2451472.8761724043,2527718.789563032,2477349.300970697,2493424.0001921053,1262276.126407372,1188307.954253442,1451038.9719890365,4865649.663849525,1477581.7538613558,0.0,1643769.7181889561,1530548.0263118176,3003980.7308360017,2013377.0666030245,1795934.6151639263,1121265.2303063713,792244.0733681761,1636767.9165562843,1274736.6872554505,2979368.2307903804,1545998.3463894778,1591499.0175158763,2605313.7924177195,1725300.5022305534,1686884.2582910068,870261.7718341993,2102100.076650491,1853484.4323988804,2190713.3620731854,1356799.374947527,1297784.5987381728,1592037.9008154925,622463.5262704153,1609959.8540053724,1771488.4533704983,613048.3719348743,1338760.8626352954,2094858.3806393691
ERR10083541,3590640.3224035124,2092155.212102821,1580280.4200239272,2315817.708588912,1514228.1812969933,2478096.5930984206,1806221.2229870958,1535284.3937026781,1339641.3629520403,1174865.561379684,3335571.835235002,3211204.7308040014,2527584.0511795054,2260072.9128791397,2977000.951127997,1866304.4562334947,2187899.720806692,2063445.3050047148,1784538.6945025877,1406202.5338214976,2169032.431500737,4278117.439204889,1508499.3360522238,4025427.6555239446,1690562.191083487,1274060.7302569998,1887828.5555507948,2143750.17578285,2096079.974776726,3729594.78817686,1909868.0774249828,1643769.7181889561,0.0,473759.1572054307,1527068.4397049793,731917.4993877384,562394.3805169109,2457492.497115912,1059628.9940285704,1361481.2641432125,1362733.031064412,1509339.9894695694,2125909.380503788,1152915.5859875432,1522751.7877740285,1051407.632218827,1891211.6849615222,1800083.0773019893,738581.3946147033,1241481.0266033066,1418392.7779642,1937708.4788886588,884378.1288549599,2459189.7866590125,1798438.8408655992,1796740.7635616218,1589705.2943756587,1799232.7505581372,380207.07757878467,1356462.9430603697
ERR10083471,3524242.6501882644,2092685.9613542114,1336958.2500553261,2370707.715663827,1321165.4113138143,2549464.3545321436,1646236.781516863,1511749.6822308248,1259989.2851211077,1078812.3525850081,3364475.940643208,3162203.431336131,2558336.7480628896,2258113.9955276838,2936386.72490069,1851077.4583779578,2078514.9404144296,2144859.634205931,1816130.4795016793,1353629.97521036,2268459.274848019,4135235.2559223277,1525876.125354873,3918694.5060265926,1760611.415996443,1407936.622330352,1730183.5670983007,2081463.1672150723,2081185.0991134834,3576421.431504123,2040651.2107763542,1530548.0263118176,473759.1572054307,0.0,1574402.1753964263,657489.0958654751,301813.5706243177,2412560.476948298,934802.1383426548,1378827.7105777212,1460740.9384213204,1511749.3243074396,2245291.018504283,1213854.1167384984,1650401.1831924382,1081554.6776598953,2051741.6854090088,1852773.9238258402,825687.1400203591,1355342.9680291258,1566536.533716019,2057377.8778058735,817332.6294679542,2556898.4932139954,1755539.5194822587,1923461.3999558191,1761912.3829719797,1725892.7075936673,355016.41256848956,1480438.7462505836
ERR10083524,2218768.563544427,2581396.276717699,2254305.0420105085,1596523.01796028,1875024.039897889,1500330.5414357865,1788056.4251102367,2334834.82537245,1504347.4091562096,2221542.2288313587,1993778.0389356283,4491891.613810044,3816257.612652217,3426405.396792534,4298715.251609253,1988932.148768781,3493123.509117735,1751372.176423104,2143834.058939264,2171949.091836869,1844979.3342915794,3046476.135093134,1228768.5237663765,5387768.140527393,1569432.1216765,1057810.298051593,3033656.702787578,3177186.478302462,2969019.7016421095,2705460.110455706,2933550.0816508997,3003980.7308360017,1527068.4397049793,1574402.1753964263,0.0,1033370.7527315643,1372210.7572811109,3805604.1409778814,2285322.3297095313,2124419.223241496,2564712.229349133,275907.07639529655,3161890.0112693673,1995605.7866703032,1324568.8124578504,1754549.4917827197,2796972.776292254,3165986.1334895324,965902.5535880936,1791755.696729049,1731628.663802953,3041771.7623612066,1894676.9464729337,3584349.5164731075,3132036.851462479,2666948.699617786,2340610.076690477,3152125.021591942,1723521.75010645,1671030.0035998756
